302599.841011 4124032.644907 1.568202 4
302599.836134 4124032.956529 1.568562 4
302599.854514 4124033.256823 1.569719 4
302599.882148 4124033.589172 1.567336 4
302599.910094 4124033.906052 1.567358 4
302599.940443 4124034.210820 1.567757 4
302599.971082 4124034.513310 1.562993 4
302599.999947 4124034.862050 1.557928 4
302600.030473 4124035.175838 1.555288 4
302600.072348 4124035.518122 1.551715 4
302600.096367 4124035.827091 1.550109 4
302600.123427 4124036.162599 1.548416 4
302600.147441 4124036.525056 1.545732 4
302600.184779 4124036.873915 1.546671 4
302600.213681 4124037.176833 1.544006 4
302600.244165 4124037.535991 1.547773 4
302600.262757 4124037.889262 1.554665 4
302600.280516 4124038.221931 1.559984 4
302600.302511 4124038.526143 1.562649 4
302600.324252 4124038.848035 1.563624 4
302600.336848 4124039.209360 1.565580 4
302600.348321 4124039.519144 1.568405 4
302600.364835 4124039.844610 1.570813 4
302600.384015 4124040.150812 1.573745 4
302600.402558 4124040.451056 1.574782 4
302600.425063 4124040.790181 1.575379 4
302600.438522 4124041.149533 1.575718 4
302600.455309 4124041.508604 1.579521 4
302600.472823 4124041.858119 1.581357 4
302600.487900 4124042.209810 1.582866 4
302600.504741 4124042.509367 1.586363 4
302600.512266 4124042.843154 1.594939 4
302600.529082 4124043.190112 1.599350 4
302600.538518 4124043.526286 1.608838 4
302600.549206 4124043.866316 1.611346 4
302600.562315 4124044.185262 1.614294 4
302600.574446 4124044.492275 1.617959 4
302600.579942 4124044.798760 1.626432 4
302600.582949 4124045.101127 1.627762 4
302600.570217 4124045.451863 1.639939 4
302600.558634 4124045.809456 1.650190 4
302600.551798 4124046.170982 1.653241 4
302600.546796 4124046.507679 1.655733 4
302600.547086 4124046.839123 1.660957 4
302600.538915 4124047.147504 1.661936 4
302600.535568 4124047.450380 1.661737 4
302600.527708 4124047.779703 1.664597 4
302600.529035 4124048.126385 1.665744 4
302600.513703 4124048.465311 1.667982 4
302600.497949 4124048.790892 1.667286 4
302600.491319 4124049.123699 1.668129 4
302600.482195 4124049.479265 1.661211 4
302600.480999 4124049.862892 1.661361 4
302600.468821 4124050.231841 1.662612 4
302600.453782 4124050.584831 1.654378 4
302600.450572 4124050.922554 1.652756 4
302600.447740 4124051.256380 1.646740 4
302600.452908 4124051.577036 1.641037 4
302600.460386 4124051.894544 1.642141 4
302600.474511 4124052.207794 1.638181 4
302600.479444 4124052.521670 1.637623 4
302600.480551 4124052.849103 1.634140 4
302600.498012 4124053.175154 1.634660 4
302600.516725 4124053.485254 1.633775 4
302600.525978 4124053.834534 1.633651 4
302600.534639 4124054.164043 1.631891 4
302600.537475 4124054.484515 1.631786 4
302600.537616 4124054.794475 1.633768 4
302600.536287 4124055.099712 1.634912 4
302600.542741 4124055.460989 1.632333 4
302600.551904 4124055.788648 1.631636 4
302600.558588 4124056.093076 1.632461 4
302600.561309 4124056.425828 1.630215 4
302600.561206 4124056.741209 1.628671 4
302600.564448 4124057.065543 1.627865 4
302600.558440 4124057.465838 1.628612 4
302600.556460 4124057.848951 1.628919 4
302600.557460 4124058.154071 1.626405 4
302600.564360 4124058.474733 1.627433 4
302600.571146 4124058.839099 1.629285 4
302600.561052 4124059.170310 1.640779 4
302600.566748 4124059.480144 1.641607 4
302600.562615 4124059.873925 1.646106 4
302600.576957 4124060.181280 1.645207 4
302600.584501 4124060.509477 1.646939 4
302600.581490 4124060.866993 1.648341 4
302600.584176 4124061.245872 1.650620 4
302600.592825 4124061.622421 1.652752 4
302600.597042 4124061.986820 1.653872 4
302600.598571 4124062.329579 1.654538 4
302600.602894 4124062.644723 1.654085 4
302600.606583 4124063.009238 1.656861 4
302600.613573 4124063.331872 1.655826 4
302600.622869 4124063.634809 1.655417 4
