302557.603340 4123901.137682 -1.999394 4
302557.438522 4123900.876310 -1.998654 4
302557.269077 4123900.590237 -2.000832 4
302557.130058 4123900.302720 -1.992396 4
302557.001416 4123900.028060 -1.983195 4
302556.876670 4123899.743018 -1.970547 4
302556.733392 4123899.437973 -1.957185 4
302556.571270 4123899.122889 -1.950967 4
302556.429094 4123898.854542 -1.950435 4
302556.264772 4123898.551004 -1.950457 4
302556.102740 4123898.251683 -1.945146 4
302555.952599 4123897.955180 -1.945693 4
302555.805420 4123897.664093 -1.953610 4
302555.673822 4123897.394043 -1.953710 4
302555.537311 4123897.119613 -1.953823 4
302555.386405 4123896.823696 -1.956427 4
302555.235750 4123896.532422 -1.959283 4
302555.087146 4123896.251935 -1.960651 4
302554.939277 4123895.974079 -1.963805 4
302554.796042 4123895.705021 -1.963831 4
302554.650671 4123895.442086 -1.967942 4
302554.500345 4123895.168294 -1.972030 4
302554.344961 4123894.906895 -1.977517 4
302554.207005 4123894.618898 -1.978312 4
302554.040709 4123894.346061 -1.987990 4
302553.886975 4123894.075736 -1.993941 4
302553.725332 4123893.797674 -1.996102 4
302553.594430 4123893.515345 -2.000295 4
302553.453887 4123893.242045 -2.001887 4
302553.319766 4123892.945754 -1.982797 4
302553.166348 4123892.681312 -1.980808 4
302552.999738 4123892.412194 -1.982372 4
302552.836652 4123892.150713 -1.992607 4
302552.660463 4123891.834664 -1.994160 4
302552.512468 4123891.558184 -1.996561 4
302552.344857 4123891.269867 -1.998436 4
302552.177760 4123890.974494 -1.999027 4
302552.001394 4123890.681813 -2.003714 4
302551.818588 4123890.395316 -2.002881 4
302551.670864 4123890.112837 -1.992276 4
302551.516419 4123889.836024 -1.981768 4
302551.378507 4123889.566598 -1.970330 4
302551.218868 4123889.247855 -1.964926 4
302551.074886 4123888.978373 -1.959981 4
302550.928502 4123888.661978 -1.958608 4
302550.795494 4123888.389695 -1.951172 4
302550.659238 4123888.110325 -1.950087 4
302550.507190 4123887.828907 -1.951923 4
302550.361910 4123887.535518 -1.946907 4
302550.222315 4123887.251136 -1.934789 4
302550.108663 4123886.956119 -1.925591 4
302549.935572 4123886.569857 -1.917628 4
302549.806997 4123886.297291 -1.918031 4
302549.678071 4123886.011955 -1.918141 4
302549.548359 4123885.733699 -1.917156 4
302549.392716 4123885.413628 -1.919095 4
302549.269503 4123885.128868 -1.912625 4
302549.120541 4123884.781843 -1.907081 4
302548.990646 4123884.454444 -1.903486 4
302548.843859 4123884.094847 -1.900606 4
302548.708146 4123883.752529 -1.892055 4
302548.579194 4123883.460014 -1.893107 4
302548.464635 4123883.168031 -1.881615 4
302548.320214 4123882.801003 -1.875839 4
302548.170672 4123882.455507 -1.872441 4
302548.036941 4123882.141730 -1.869067 4
302547.901395 4123881.814875 -1.863808 4
302547.782871 4123881.476297 -1.860130 4
302547.674981 4123881.194333 -1.859354 4
302547.562648 4123880.892407 -1.859599 4
302547.443256 4123880.569793 -1.859599 4
302547.305157 4123880.222076 -1.856111 4
302547.189231 4123879.924132 -1.855799 4
302547.042670 4123879.553696 -1.856903 4
302546.921397 4123879.220374 -1.856977 4
302546.797297 4123878.904667 -1.856104 4
302546.681672 4123878.585886 -1.854355 4
302546.555575 4123878.246179 -1.854898 4
302546.447694 4123877.942685 -1.851057 4
302546.335092 4123877.611822 -1.849783 4
302546.219821 4123877.317156 -1.850972 4
302546.099008 4123876.986627 -1.848806 4
302545.988154 4123876.707753 -1.848725 4
302545.874634 4123876.398817 -1.848594 4
302545.754241 4123876.106316 -1.853667 4
302545.578391 4123875.763127 -1.884043 4
302545.386811 4123875.441665 -1.921032 4
302545.217456 4123875.133563 -1.945620 4
302545.062373 4123874.804771 -1.947491 4
302544.892649 4123874.466278 -1.946735 4
302544.729459 4123874.137664 -1.948436 4
302544.568663 4123873.827910 -1.952060 4
302544.420663 4123873.561471 -1.952487 4
302544.257543 4123873.265001 -1.955017 4
302544.110102 4123872.992298 -1.945354 4
302543.951985 4123872.665896 -1.932233 4
302543.783952 4123872.308475 -1.928671 4
302543.639263 4123871.999904 -1.932215 4
302543.505215 4123871.727253 -1.929246 4
302543.373251 4123871.434826 -1.926954 4
302543.233261 4123871.137142 -1.923766 4
302543.072086 4123870.781004 -1.924236 4
302542.907936 4123870.426381 -1.924107 4
302542.775395 4123870.156005 -1.934320 4
302542.622495 4123869.860673 -1.934614 4
302542.468862 4123869.547837 -1.934796 4
302542.332395 4123869.243175 -1.939305 4
302542.191136 4123868.942016 -1.943703 4
302542.036396 4123868.590371 -1.946956 4
302541.870943 4123868.238702 -1.946417 4
302541.703405 4123867.917077 -1.947490 4
302541.535042 4123867.607433 -1.954182 4
302541.370907 4123867.316631 -1.961302 4
302541.210012 4123867.043958 -1.970822 4
302541.051382 4123866.776354 -1.978983 4
302540.900873 4123866.516207 -1.982764 4
302540.722690 4123866.198513 -1.987450 4
302540.551367 4123865.891409 -1.988703 4
302540.390928 4123865.601479 -1.986454 4
302540.225442 4123865.332531 -1.988786 4
302540.044783 4123865.065411 -1.993006 4
