302550.662567 4123824.327103 2.716199 4
302550.373858 4123824.485005 2.716760 4
302550.091024 4123824.650557 2.719600 4
302549.825060 4123824.810457 2.716557 4
302549.532846 4123824.977844 2.715280 4
302549.258090 4123825.135656 2.713845 4
302548.993573 4123825.287304 2.715372 4
302548.737935 4123825.457183 2.725303 4
302548.467055 4123825.619292 2.720504 4
302548.195012 4123825.771376 2.725976 4
302547.907410 4123825.931610 2.729174 4
302547.638045 4123826.083679 2.727004 4
302547.364914 4123826.239293 2.726153 4
302547.076663 4123826.398815 2.726167 4
302546.783431 4123826.563195 2.723763 4
302546.496293 4123826.729046 2.722451 4
302546.233298 4123826.876169 2.726901 4
302545.944585 4123827.041355 2.728017 4
302545.629847 4123827.225279 2.731332 4
302545.275048 4123827.410315 2.733393 4
302544.950415 4123827.584830 2.729979 4
302544.643069 4123827.759630 2.730041 4
302544.352815 4123827.933880 2.730481 4
302544.071022 4123828.108173 2.729189 4
302543.779871 4123828.282299 2.733493 4
302543.509050 4123828.452476 2.734129 4
302543.220396 4123828.617820 2.729035 4
302542.914645 4123828.788505 2.727529 4
302542.647972 4123828.939341 2.729345 4
302542.352339 4123829.103159 2.729470 4
302542.054076 4123829.263361 2.725087 4
302541.746208 4123829.432982 2.722482 4
302541.438807 4123829.582778 2.731427 4
302541.137193 4123829.758958 2.738096 4
302540.857901 4123829.932890 2.736969 4
302540.595756 4123830.100163 2.741010 4
302540.328274 4123830.261612 2.744345 4
302540.068958 4123830.416703 2.744986 4
302539.807032 4123830.571678 2.750600 4
302539.528313 4123830.727722 2.751202 4
302539.225881 4123830.895256 2.753546 4
302538.911033 4123831.048109 2.753026 4
302538.625588 4123831.185353 2.754234 4
302538.347948 4123831.329960 2.752939 4
302538.060133 4123831.484824 2.753355 4
302537.729139 4123831.646587 2.757585 4
302537.371283 4123831.826126 2.757363 4
302537.035192 4123831.998440 2.756222 4
302536.736638 4123832.174493 2.760301 4
302536.461031 4123832.340377 2.759151 4
302536.187485 4123832.490149 2.762048 4
302535.910336 4123832.635364 2.763043 4
302535.632065 4123832.782190 2.763250 4
302535.358716 4123832.922775 2.763763 4
302535.020408 4123833.088021 2.764526 4
302534.734374 4123833.232668 2.762482 4
302534.467512 4123833.375357 2.757498 4
302534.138337 4123833.537573 2.758025 4
302533.856550 4123833.700295 2.751444 4
302533.555400 4123833.873608 2.740070 4
302533.249024 4123834.052270 2.738247 4
302532.947666 4123834.225282 2.738214 4
302532.675271 4123834.376391 2.733126 4
302532.359496 4123834.542931 2.730287 4
302532.076501 4123834.685356 2.724321 4
302531.805412 4123834.834201 2.719691 4
302531.527795 4123834.988556 2.720130 4
302531.254380 4123835.151928 2.718167 4
302530.978459 4123835.321989 2.720482 4
302530.716520 4123835.486628 2.712796 4
302530.433114 4123835.662131 2.712410 4
302530.167778 4123835.826081 2.710418 4
302529.875361 4123835.995007 2.708099 4
302529.576533 4123836.183574 2.697594 4
302529.304356 4123836.331939 2.694372 4
302529.040866 4123836.485573 2.693501 4
302528.737872 4123836.657158 2.693490 4
302528.434813 4123836.830083 2.694260 4
302528.169227 4123836.989265 2.693731 4
302527.895885 4123837.146637 2.693624 4
302527.627665 4123837.300805 2.690355 4
302527.354144 4123837.463961 2.686058 4
302527.069126 4123837.623096 2.688535 4
302526.767888 4123837.803306 2.687272 4
302526.478711 4123838.000464 2.689442 4
302526.190925 4123838.177519 2.691313 4
302525.916020 4123838.336811 2.697631 4
302525.651641 4123838.490194 2.700602 4
302525.369697 4123838.652962 2.703617 4
302525.098504 4123838.806676 2.706879 4
302524.824734 4123838.964620 2.711343 4
302524.554174 4123839.113025 2.712501 4
302524.281320 4123839.258555 2.717616 4
302524.012555 4123839.407595 2.718403 4
302523.731693 4123839.564047 2.721447 4
302523.435827 4123839.721563 2.721954 4
302523.120185 4123839.890540 2.721348 4
302522.836281 4123840.041177 2.728954 4
302522.539830 4123840.201896 2.728175 4
302522.244496 4123840.362416 2.730746 4
302521.935833 4123840.532822 2.731715 4
302521.653462 4123840.691446 2.736234 4
302521.386997 4123840.840407 2.738114 4
302521.121090 4123840.995339 2.736328 4
302520.843570 4123841.148585 2.741984 4
302520.579265 4123841.299650 2.745227 4
302520.270740 4123841.464399 2.752252 4
302519.951145 4123841.626074 2.750001 4
302519.631741 4123841.800234 2.753126 4
302519.301751 4123841.958929 2.751967 4
302519.029739 4123842.107078 2.752823 4
302518.747172 4123842.266078 2.755978 4
302518.451526 4123842.428229 2.760649 4
302518.159837 4123842.598341 2.760252 4
302517.858724 4123842.774554 2.765937 4
302517.591353 4123842.921275 2.759789 4
302517.329648 4123843.070324 2.758286 4
302517.046124 4123843.219741 2.762102 4
302516.745244 4123843.379316 2.759737 4
302516.433705 4123843.551143 2.760102 4
302516.161753 4123843.702255 2.753516 4
302515.882772 4123843.857062 2.746066 4
302515.616348 4123844.000776 2.744344 4
302515.286933 4123844.177071 2.743886 4
302514.969950 4123844.352795 2.738297 4
302514.643098 4123844.531874 2.740222 4
302514.311505 4123844.697357 2.738134 4
302514.039119 4123844.841354 2.738023 4
302513.771300 4123844.981696 2.733308 4
302513.499121 4123845.118449 2.735399 4
302513.237077 4123845.266299 2.737881 4
302512.940193 4123845.449212 2.738047 4
302512.629764 4123845.618004 2.739582 4
302512.338601 4123845.780054 2.740457 4
302512.054797 4123845.931366 2.744465 4
302511.764032 4123846.084816 2.743651 4
302511.494471 4123846.232900 2.751311 4
302511.224470 4123846.380814 2.751053 4
302510.946935 4123846.538106 2.752869 4
302510.655918 4123846.697149 2.755318 4
302510.345799 4123846.861560 2.759214 4
302510.045799 4123847.027451 2.757985 4
302509.754701 4123847.195002 2.755509 4
302509.480310 4123847.344476 2.753942 4
302509.198625 4123847.499064 2.754908 4
302508.929620 4123847.645943 2.752670 4
