302556.214292 4124127.869926 -3.080132 2
302555.896329 4124127.848405 -3.074404 2
302555.563025 4124127.847719 -3.071016 2
302555.254295 4124127.848579 -3.068242 2
302554.925456 4124127.853780 -3.064441 2
302554.609402 4124127.854548 -3.062318 2
302554.305311 4124127.848321 -3.057380 2
302554.005299 4124127.832122 -3.056129 2
302553.683843 4124127.830236 -3.052767 2
302553.373552 4124127.814363 -3.051244 2
302553.065644 4124127.801761 -3.051275 2
302552.733918 4124127.790424 -3.049130 2
302552.388860 4124127.769930 -3.041503 2
302552.077491 4124127.756708 -3.040247 2
302551.768354 4124127.753262 -3.038249 2
302551.468163 4124127.756788 -3.030847 2
302551.149426 4124127.742069 -3.024873 2
302550.818579 4124127.727928 -3.021832 2
302550.487727 4124127.706694 -3.017953 2
302550.183524 4124127.682603 -3.014753 2
302549.857091 4124127.658677 -3.011718 2
302549.535173 4124127.638770 -3.010537 2
302549.208816 4124127.621212 -3.011163 2
302548.885368 4124127.608234 -3.017510 2
302548.561851 4124127.590203 -3.020744 2
302548.224870 4124127.578459 -3.026644 2
302547.916210 4124127.563714 -3.027833 2
302547.594459 4124127.556966 -3.030324 2
302547.267550 4124127.543824 -3.036375 2
302546.951652 4124127.531505 -3.036676 2
302546.636046 4124127.525070 -3.042713 2
302546.322885 4124127.512544 -3.045012 2
302545.989383 4124127.501495 -3.048114 2
302545.647825 4124127.486353 -3.046778 2
302545.315551 4124127.482231 -3.047103 2
302544.991031 4124127.479476 -3.045892 2
302544.673497 4124127.477683 -3.045878 2
302544.367153 4124127.472751 -3.043357 2
302544.051614 4124127.477544 -3.041516 2
302543.729813 4124127.472615 -3.042464 2
302543.371506 4124127.465874 -3.042842 2
302543.025963 4124127.455918 -3.042727 2
302542.701969 4124127.442463 -3.039782 2
302542.370642 4124127.442325 -3.042590 2
302542.061064 4124127.440922 -3.039286 2
302541.734908 4124127.431946 -3.041040 2
302541.404211 4124127.417191 -3.034334 2
302541.096196 4124127.402139 -3.032980 2
302540.787168 4124127.384326 -3.034449 2
302540.478286 4124127.364209 -3.027799 2
302540.166967 4124127.337396 -3.027694 2
302539.862677 4124127.323170 -3.022946 2
302539.548464 4124127.309082 -3.021918 2
302539.248702 4124127.296364 -3.016159 2
302538.947427 4124127.281258 -3.014217 2
302538.630351 4124127.269110 -3.014086 2
302538.310489 4124127.257500 -3.010642 2
302538.006563 4124127.235449 -3.001455 2
302537.706215 4124127.200858 -2.994596 2
302537.358394 4124127.167974 -2.984025 2
302537.050303 4124127.133790 -2.964452 2
302536.750319 4124127.090557 -2.946656 2
302536.415372 4124127.032989 -2.930112 2
302536.096843 4124126.967056 -2.910142 2
302535.797833 4124126.894901 -2.886383 2
302535.493298 4124126.803430 -2.860252 2
302535.157723 4124126.684851 -2.817397 2
302534.875453 4124126.573740 -2.773890 2
302534.597983 4124126.440836 -2.731771 2
302534.306718 4124126.269745 -2.683533 2
302534.055971 4124126.095446 -2.629601 2
302533.787727 4124125.918314 -2.579334 2
302533.532311 4124125.712608 -2.516456 2
302533.284523 4124125.507405 -2.459266 2
302533.068545 4124125.299180 -2.409233 2
302532.876805 4124125.067233 -2.355730 2
302532.663984 4124124.828292 -2.316482 2
302532.449164 4124124.540435 -2.263335 2
302532.253808 4124124.277365 -2.216758 2
302532.095312 4124124.009979 -2.165719 2
302531.928936 4124123.737231 -2.117769 2
302531.773322 4124123.433453 -2.063061 2
302531.637730 4124123.154440 -2.015904 2
302531.514858 4124122.867542 -1.977149 2
302531.393060 4124122.544370 -1.929853 2
302531.287263 4124122.214462 -1.894566 2
302531.210214 4124121.905677 -1.857118 2
302531.131950 4124121.570749 -1.814971 2
302531.054885 4124121.248405 -1.777299 2
302531.003560 4124120.915511 -1.743666 2
302530.945944 4124120.590734 -1.722886 2
302530.892367 4124120.286041 -1.701443 2
302530.843642 4124119.978465 -1.687452 2
302530.812015 4124119.668991 -1.665460 2
302530.790040 4124119.367116 -1.640016 2
302530.750899 4124119.054989 -1.608537 2
302530.728374 4124118.742398 -1.593425 2
302530.699383 4124118.424927 -1.586433 2
302530.667866 4124118.072991 -1.581809 2
302530.640961 4124117.749196 -1.577057 2
302530.617508 4124117.431309 -1.573550 2
302530.607633 4124117.104207 -1.570636 2
302530.609618 4124116.754924 -1.558079 2
302530.609079 4124116.451476 -1.543283 2
302530.606218 4124116.144828 -1.526111 2
302530.603057 4124115.797002 -1.514710 2
302530.597759 4124115.464679 -1.505782 2
302530.599295 4124115.162193 -1.500363 2
302530.597758 4124114.847974 -1.496505 2
302530.587676 4124114.531611 -1.492672 2
302530.578031 4124114.215627 -1.488731 2
302530.576466 4124113.880955 -1.482989 2
302530.571410 4124113.568023 -1.479765 2
302530.572808 4124113.203280 -1.473805 2
302530.584097 4124112.843090 -1.469732 2
302530.597779 4124112.502022 -1.471059 2
302530.595695 4124112.164145 -1.470797 2
302530.602453 4124111.863575 -1.469161 2
302530.606591 4124111.557746 -1.471640 2
302530.608973 4124111.207244 -1.474748 2
302530.604229 4124110.886503 -1.478994 2
302530.602067 4124110.554951 -1.483083 2
302530.600981 4124110.206244 -1.488296 2
302530.605828 4124109.891161 -1.489101 2
302530.614318 4124109.550244 -1.486881 2
302530.618298 4124109.200307 -1.485952 2
302530.622413 4124108.852436 -1.484538 2
302530.620492 4124108.546357 -1.484378 2
302530.619087 4124108.231859 -1.482401 2
302530.613849 4124107.886138 -1.482530 2
302530.607610 4124107.547340 -1.482594 2
302530.602020 4124107.242188 -1.480020 2
302530.598602 4124106.927282 -1.478766 2
302530.596808 4124106.606577 -1.477583 2
302530.603591 4124106.289162 -1.476178 2
302530.604820 4124105.977118 -1.476541 2
302530.596326 4124105.675843 -1.475023 2
