302471.452958 4123836.225555 1.153779 3
302471.600996 4123836.500996 1.155633 3
302471.760872 4123836.764623 1.158709 3
302471.891130 4123837.035356 1.169675 3
302472.032028 4123837.324735 1.178018 3
302472.185360 4123837.602426 1.181869 3
302472.338817 4123837.878326 1.186863 3
302472.474874 4123838.149164 1.197239 3
302472.615601 4123838.426495 1.206925 3
302472.758685 4123838.717776 1.211093 3
302472.889240 4123838.990899 1.211835 3
302473.014023 4123839.264878 1.211918 3
302473.155083 4123839.594063 1.211589 3
302473.290737 4123839.866422 1.205246 3
302473.437279 4123840.137418 1.202165 3
302473.575931 4123840.403877 1.197119 3
302473.725333 4123840.706914 1.197525 3
302473.894256 4123840.996855 1.172087 3
302474.072243 4123841.278247 1.156495 3
302474.238772 4123841.555481 1.153757 3
302474.409062 4123841.825912 1.152435 3
302474.603244 4123842.119656 1.144814 3
302474.797619 4123842.380708 1.121799 3
302474.974148 4123842.657721 1.122054 3
302475.138018 4123842.913134 1.118864 3
302475.313212 4123843.179486 1.118759 3
302475.506528 4123843.475478 1.116972 3
302475.662883 4123843.732868 1.121555 3
302475.810092 4123843.996928 1.130464 3
302475.983148 4123844.284152 1.132938 3
302476.157677 4123844.584714 1.139692 3
302476.337393 4123844.884760 1.142036 3
302476.493867 4123845.145847 1.143814 3
302476.670508 4123845.439898 1.136571 3
302476.837266 4123845.725072 1.141577 3
302476.994835 4123845.996777 1.144013 3
302477.158340 4123846.301351 1.147194 3
302477.320804 4123846.574686 1.148884 3
302477.477671 4123846.847895 1.150051 3
302477.631777 4123847.105611 1.148588 3
302477.800403 4123847.376534 1.155654 3
302477.977256 4123847.652814 1.156120 3
302478.130060 4123847.919452 1.157261 3
302478.292428 4123848.188234 1.157366 3
302478.453781 4123848.449711 1.155722 3
302478.629665 4123848.728142 1.155958 3
302478.782484 4123849.009417 1.159425 3
302478.945380 4123849.322221 1.166320 3
302479.087503 4123849.596791 1.166755 3
302479.231068 4123849.868907 1.166529 3
302479.373827 4123850.148929 1.169321 3
302479.520890 4123850.431089 1.170648 3
302479.663816 4123850.705391 1.176526 3
302479.826427 4123850.983508 1.177032 3
302480.001932 4123851.258781 1.173636 3
302480.164705 4123851.517304 1.164310 3
302480.338184 4123851.786489 1.154293 3
302480.524964 4123852.049281 1.127496 3
302480.699522 4123852.303799 1.108464 3
302480.878963 4123852.560163 1.087867 3
302481.063060 4123852.799212 1.075178 3
302481.264190 4123853.022521 1.035341 3
302481.485624 4123853.233074 0.988327 3
302481.728313 4123853.424192 0.926211 3
302481.984117 4123853.607142 0.868479 3
302482.230743 4123853.778463 0.826536 3
302482.515889 4123853.972053 0.785648 3
302482.786708 4123854.101306 0.729515 3
302483.071051 4123854.224352 0.675088 3
302483.356231 4123854.342772 0.627455 3
302483.634615 4123854.459291 0.593337 3
302483.944646 4123854.603568 0.578231 3
302484.227893 4123854.713518 0.551230 3
302484.530234 4123854.790088 0.502353 3
302484.861880 4123854.848761 0.437765 3
302485.182843 4123854.890490 0.366083 3
302485.494164 4123854.891776 0.290472 3
302485.815380 4123854.876141 0.226082 3
302486.149035 4123854.846791 0.171470 3
302486.465910 4123854.804694 0.112964 3
302486.766559 4123854.750182 0.055537 3
302487.062060 4123854.680749 0.000977 3
302487.391792 4123854.634339 -0.014861 3
302487.685567 4123854.570350 -0.043216 3
302488.014114 4123854.475531 -0.081462 3
302488.324570 4123854.391061 -0.110095 3
302488.633602 4123854.324772 -0.111665 3
302488.944177 4123854.215169 -0.148293 3
302489.259503 4123854.118039 -0.157611 3
302489.581703 4123854.027561 -0.161430 3
302489.885102 4123853.922147 -0.161752 3
302490.165208 4123853.814496 -0.192887 3
302490.465659 4123853.724841 -0.207816 3
302490.757580 4123853.626607 -0.225939 3
302491.034732 4123853.501974 -0.255611 3
302491.293920 4123853.348313 -0.290507 3
302491.567106 4123853.216667 -0.306497 3
302491.849822 4123853.068392 -0.337574 3
302492.130447 4123852.902891 -0.369791 3
302492.413710 4123852.768180 -0.376486 3
302492.705423 4123852.620638 -0.375117 3
302492.986201 4123852.467940 -0.381060 3
302493.282290 4123852.325311 -0.363449 3
302493.551158 4123852.179954 -0.356874 3
302493.822571 4123852.024176 -0.362153 3
302494.120938 4123851.880520 -0.367465 3
302494.408719 4123851.703280 -0.389392 3
302494.695160 4123851.535739 -0.385624 3
302494.991211 4123851.355736 -0.391308 3
302495.269888 4123851.196724 -0.391949 3
302495.545169 4123851.059069 -0.389960 3
302495.851862 4123850.892304 -0.390281 3
302496.136950 4123850.739165 -0.394723 3
302496.428721 4123850.589017 -0.397270 3
302496.708326 4123850.439111 -0.398849 3
302496.986316 4123850.288162 -0.400975 3
302497.269543 4123850.144336 -0.398184 3
302497.559020 4123849.974498 -0.406466 3
302497.841073 4123849.811626 -0.409308 3
302498.113332 4123849.633746 -0.407923 3
