302596.067989 4123981.842247 1.578400 4
302596.065147 4123982.173758 1.583359 4
302596.064391 4123982.510611 1.581218 4
302596.071468 4123982.879691 1.582675 4
302596.089104 4123983.219513 1.581964 4
302596.086178 4123983.582233 1.583855 4
302596.115530 4123983.923767 1.582867 4
302596.152916 4123984.256325 1.586844 4
302596.194018 4123984.605677 1.588778 4
302596.233052 4123984.970899 1.587453 4
302596.266243 4123985.333124 1.586605 4
302596.285483 4123985.682197 1.587942 4
302596.304510 4123986.040511 1.589518 4
302596.319588 4123986.345723 1.587264 4
302596.348497 4123986.669277 1.589759 4
302596.373399 4123987.004955 1.592404 4
302596.395639 4123987.345628 1.590242 4
302596.420200 4123987.678273 1.589484 4
302596.449942 4123987.977646 1.592707 4
302596.447776 4123988.293203 1.593695 4
302596.458056 4123988.626486 1.592693 4
302596.465949 4123988.944668 1.593888 4
302596.485992 4123989.270336 1.596006 4
302596.519330 4123989.615326 1.595183 4
302596.532356 4123989.957336 1.592842 4
302596.556426 4123990.288658 1.591452 4
302596.568311 4123990.642397 1.593487 4
302596.582762 4123990.980785 1.595967 4
302596.594786 4123991.372093 1.593401 4
302596.613487 4123991.730776 1.593220 4
302596.629683 4123992.106691 1.595452 4
302596.642341 4123992.443684 1.596009 4
302596.647672 4123992.762909 1.596807 4
302596.648507 4123993.104356 1.596756 4
302596.665422 4123993.504049 1.594017 4
302596.675453 4123993.918555 1.593344 4
302596.708438 4123994.307366 1.592171 4
302596.728291 4123994.670890 1.596802 4
302596.734536 4123995.006167 1.597040 4
302596.761347 4123995.366722 1.596843 4
302596.774820 4123995.795117 1.601652 4
302596.811309 4123996.175967 1.599153 4
302596.833026 4123996.540184 1.599549 4
302596.856936 4123996.880877 1.601253 4
302596.885691 4123997.234122 1.603737 4
302596.908023 4123997.596175 1.606350 4
302596.919520 4123997.921043 1.616083 4
302596.935284 4123998.320695 1.621292 4
302596.935757 4123998.643976 1.621925 4
302596.938246 4123999.008298 1.625210 4
302596.947944 4123999.348798 1.627559 4
302596.958769 4123999.683621 1.629394 4
302596.967978 4124000.012660 1.631770 4
302596.983164 4124000.351647 1.630704 4
302596.997294 4124000.688621 1.633565 4
302597.008195 4124001.028135 1.635386 4
302597.022444 4124001.360515 1.636520 4
302597.038999 4124001.681370 1.638226 4
302597.040696 4124001.989294 1.637841 4
302597.052337 4124002.330460 1.638116 4
302597.054630 4124002.634214 1.637888 4
302597.072839 4124002.965831 1.633469 4
302597.080950 4124003.278155 1.627338 4
302597.102551 4124003.583531 1.623359 4
302597.110314 4124003.926144 1.621462 4
302597.143195 4124004.272897 1.616768 4
302597.154566 4124004.591413 1.613351 4
302597.165638 4124004.940099 1.612974 4
302597.185014 4124005.293215 1.613078 4
302597.187287 4124005.613118 1.613649 4
302597.188730 4124005.927315 1.612118 4
302597.191478 4124006.262796 1.609562 4
302597.205833 4124006.626728 1.604860 4
302597.214381 4124006.936173 1.603294 4
302597.231418 4124007.283936 1.603822 4
302597.253305 4124007.655978 1.601624 4
302597.280832 4124008.037815 1.601441 4
302597.301020 4124008.337681 1.600706 4
302597.322712 4124008.699460 1.599084 4
302597.347907 4124009.007450 1.595328 4
302597.367160 4124009.330142 1.591850 4
302597.392641 4124009.697322 1.589756 4
302597.420380 4124010.075046 1.586674 4
302597.439823 4124010.380497 1.584436 4
302597.474238 4124010.768198 1.583128 4
302597.506628 4124011.070797 1.578918 4
302597.535619 4124011.386095 1.579047 4
302597.568864 4124011.694722 1.575333 4
302597.595672 4124012.029041 1.573057 4
302597.626995 4124012.333634 1.571177 4
302597.657502 4124012.648158 1.569670 4
302597.684593 4124012.985402 1.571528 4
302597.716778 4124013.297318 1.567687 4
302597.745494 4124013.613845 1.563564 4
302597.781998 4124013.991866 1.557553 4
302597.809669 4124014.312663 1.555571 4
302597.842669 4124014.620968 1.553245 4
302597.888862 4124014.984010 1.550106 4
302597.929387 4124015.367321 1.550523 4
302597.965474 4124015.692599 1.551266 4
302598.001919 4124016.058758 1.554547 4
302598.033101 4124016.396025 1.558869 4
302598.068678 4124016.715452 1.562081 4
302598.098872 4124017.095495 1.563044 4
302598.135627 4124017.481336 1.562587 4
302598.175382 4124017.862701 1.564118 4
302598.215723 4124018.239479 1.567019 4
302598.252434 4124018.615010 1.565562 4
302598.280986 4124018.985870 1.567484 4
302598.310476 4124019.348181 1.568888 4
302598.346496 4124019.707616 1.567363 4
302598.379622 4124020.055586 1.570625 4
302598.408190 4124020.380623 1.571901 4
302598.447515 4124020.737133 1.571739 4
302598.481589 4124021.043472 1.575146 4
302598.519175 4124021.370113 1.574250 4
302598.550075 4124021.670819 1.575662 4
302598.577817 4124021.983071 1.576462 4
302598.601808 4124022.296362 1.577914 4
