302502.714688 4123847.028695 -0.441529 2
302503.010840 4123846.904244 -0.440474 2
302503.276301 4123846.750994 -0.440721 2
302503.531474 4123846.592844 -0.440290 2
302503.803339 4123846.422686 -0.441634 2
302504.069317 4123846.258018 -0.440973 2
302504.336086 4123846.107251 -0.440738 2
302504.604366 4123845.945867 -0.444295 2
302504.881076 4123845.777312 -0.442462 2
302505.142350 4123845.613296 -0.445237 2
302505.421720 4123845.438975 -0.439472 2
302505.683724 4123845.279569 -0.438923 2
302505.971082 4123845.103855 -0.437454 2
302506.237161 4123844.954678 -0.439939 2
302506.543575 4123844.784143 -0.437945 2
302506.803148 4123844.632458 -0.438398 2
302507.094058 4123844.460156 -0.439578 2
302507.367244 4123844.302469 -0.439899 2
302507.630037 4123844.156376 -0.438325 2
302507.907856 4123843.991195 -0.437532 2
302508.213622 4123843.825159 -0.437165 2
302508.528569 4123843.657169 -0.437084 2
302508.814478 4123843.502811 -0.438160 2
302509.098894 4123843.346645 -0.436823 2
302509.390865 4123843.179516 -0.436600 2
302509.664295 4123843.019671 -0.434255 2
302509.968063 4123842.825071 -0.433655 2
302510.263823 4123842.644190 -0.434279 2
302510.530857 4123842.491967 -0.433490 2
302510.853262 4123842.315107 -0.432252 2
302511.118829 4123842.172605 -0.429004 2
302511.395165 4123842.017692 -0.427415 2
302511.662277 4123841.862539 -0.427215 2
302511.941034 4123841.689199 -0.433429 2
302512.241945 4123841.506920 -0.432401 2
302512.508138 4123841.362589 -0.430925 2
302512.774519 4123841.217063 -0.429163 2
302513.045345 4123841.060033 -0.431736 2
302513.338602 4123840.888319 -0.434561 2
302513.639529 4123840.706919 -0.436233 2
302513.903120 4123840.563479 -0.439220 2
302514.215802 4123840.395771 -0.437418 2
302514.513853 4123840.222013 -0.436920 2
302514.806154 4123840.041542 -0.441218 2
302515.067568 4123839.884277 -0.446815 2
302515.327862 4123839.729723 -0.445263 2
302515.613509 4123839.558265 -0.447739 2
302515.893928 4123839.399432 -0.453426 2
302516.160249 4123839.245589 -0.452606 2
302516.439139 4123839.077004 -0.449486 2
302516.746183 4123838.901235 -0.452570 2
302517.047020 4123838.727471 -0.451455 2
302517.311365 4123838.582439 -0.445198 2
302517.595720 4123838.431008 -0.434690 2
302517.882916 4123838.283453 -0.425710 2
302518.165288 4123838.139995 -0.410212 2
302518.450537 4123837.985982 -0.405972 2
302518.731184 4123837.837872 -0.404892 2
302519.005238 4123837.693776 -0.393342 2
302519.276061 4123837.555755 -0.394085 2
302519.579467 4123837.395835 -0.392024 2
302519.857212 4123837.276970 -0.376078 2
302520.158756 4123837.160306 -0.353278 2
302520.443861 4123837.044943 -0.341390 2
302520.739690 4123836.931239 -0.330830 2
302521.047775 4123836.835645 -0.311522 2
302521.350628 4123836.725784 -0.283843 2
302521.654189 4123836.635434 -0.257779 2
302521.983212 4123836.569657 -0.219671 2
302522.311874 4123836.508959 -0.182289 2
302522.646025 4123836.448287 -0.147267 2
302522.946495 4123836.404438 -0.115447 2
302523.262125 4123836.392925 -0.073326 2
302523.570744 4123836.391259 -0.033760 2
302523.898581 4123836.376416 -0.003040 2
302524.243097 4123836.383552 0.034430 2
302524.601422 4123836.422585 0.081474 2
302524.912651 4123836.476016 0.124593 2
302525.286304 4123836.538927 0.167720 2
302525.608886 4123836.602506 0.208818 2
302525.902090 4123836.679105 0.248195 2
302526.197334 4123836.781895 0.293887 2
302526.509216 4123836.890744 0.332447 2
302526.809626 4123837.004509 0.375562 2
302527.122519 4123837.135691 0.412455 2
302527.417330 4123837.251725 0.436561 2
302527.755743 4123837.389061 0.451316 2
302528.049823 4123837.495713 0.452260 2
302528.351859 4123837.618057 0.456561 2
302528.649029 4123837.759512 0.475535 2
302528.920811 4123837.888700 0.486605 2
302529.204983 4123838.026882 0.507247 2
302529.488280 4123838.184208 0.538000 2
302529.764031 4123838.361726 0.573556 2
302530.033104 4123838.549899 0.612222 2
302530.291832 4123838.735742 0.646336 2
302530.531511 4123838.930703 0.677037 2
302530.771241 4123839.124139 0.715557 2
302531.001990 4123839.329139 0.754511 2
302531.216125 4123839.548489 0.800473 2
302531.458434 4123839.832496 0.854356 2
302531.666623 4123840.105315 0.910058 2
302531.847758 4123840.365232 0.957971 2
302532.043717 4123840.676095 1.009860 2
302532.204006 4123840.933093 1.041068 2
302532.423725 4123841.235028 1.050559 2
302532.590991 4123841.503137 1.068264 2
302532.738716 4123841.775220 1.098501 2
302532.869107 4123842.048354 1.136708 2
302533.007002 4123842.325530 1.164484 2
302533.197625 4123842.637636 1.169290 2
302533.381189 4123842.948483 1.168927 2
302533.515098 4123843.218407 1.161698 2
302533.691895 4123843.499273 1.144071 2
302533.863696 4123843.777717 1.128555 2
302534.018388 4123844.044894 1.119115 2
302534.200679 4123844.337752 1.116986 2
302534.369747 4123844.604472 1.119287 2
302534.531093 4123844.876582 1.120724 2
302534.698888 4123845.156391 1.118318 2
302534.860795 4123845.425851 1.117435 2
302535.050302 4123845.710627 1.110751 2
302535.237190 4123845.980031 1.113294 2
302535.416573 4123846.252928 1.112491 2
302535.599157 4123846.534781 1.112826 2
302535.750498 4123846.806218 1.111259 2
302535.934157 4123847.108034 1.113684 2
302536.073810 4123847.377887 1.120140 2
302536.227924 4123847.651657 1.119506 2
302536.386292 4123847.926166 1.121721 2
302536.552073 4123848.229942 1.131752 2
302536.722135 4123848.533576 1.141967 2
302536.899146 4123848.834534 1.144081 2
302537.059262 4123849.100185 1.147201 2
302537.224398 4123849.377865 1.155265 2
302537.387328 4123849.656498 1.158743 2
302537.543803 4123849.946525 1.161508 2
302537.695558 4123850.231967 1.162655 2
302537.851939 4123850.541241 1.168104 2
302538.005685 4123850.832434 1.170596 2
302538.157984 4123851.107720 1.173738 2
302538.316632 4123851.396132 1.175226 2
302538.475525 4123851.680905 1.175299 2
302538.622123 4123851.961779 1.175072 2
302538.773443 4123852.251792 1.177596 2
302538.934737 4123852.543957 1.181400 2
302539.088076 4123852.831136 1.182228 2
302539.227275 4123853.120388 1.182992 2
