302579.153679 4123830.816665 -2.054413 2
302579.004089 4123830.548423 -2.046898 2
302578.842464 4123830.267864 -2.036263 2
302578.683396 4123830.000339 -2.029702 2
302578.535229 4123829.729729 -2.020979 2
302578.391405 4123829.448614 -2.015671 2
302578.225136 4123829.160645 -2.015489 2
302578.069586 4123828.886308 -2.013600 2
302577.918872 4123828.623632 -2.015526 2
302577.776233 4123828.352017 -2.012441 2
302577.622969 4123828.082285 -2.011685 2
302577.472291 4123827.820261 -2.008394 2
302577.328683 4123827.545540 -2.005934 2
302577.173496 4123827.276963 -2.000274 2
302577.019008 4123827.018133 -1.992099 2
302576.868281 4123826.758168 -1.990966 2
302576.711551 4123826.466716 -1.994318 2
302576.567253 4123826.151492 -1.989213 2
302576.407784 4123825.849151 -1.994895 2
302576.260022 4123825.564781 -1.995908 2
302576.121041 4123825.298463 -1.993448 2
302575.961064 4123824.976966 -1.988919 2
302575.813960 4123824.715485 -1.988272 2
302575.660333 4123824.438811 -1.986350 2
302575.508129 4123824.135615 -1.980817 2
302575.363562 4123823.867845 -1.981896 2
302575.229056 4123823.599477 -1.981120 2
302575.067732 4123823.281637 -1.992501 2
302574.907382 4123822.976122 -1.994491 2
302574.765106 4123822.704784 -1.992146 2
302574.629326 4123822.427889 -1.991470 2
302574.478562 4123822.154953 -1.992489 2
302574.323127 4123821.873382 -1.990622 2
302574.172596 4123821.586912 -1.989975 2
302574.020323 4123821.319494 -1.986547 2
302573.880913 4123821.032759 -1.982631 2
302573.721827 4123820.725317 -1.985138 2
302573.559612 4123820.426223 -1.985464 2
302573.392168 4123820.133782 -1.985832 2
302573.229184 4123819.855457 -1.994433 2
302573.057480 4123819.563149 -1.983899 2
302572.902300 4123819.294947 -1.985725 2
302572.732176 4123818.986158 -1.984769 2
302572.562348 4123818.666791 -1.982951 2
302572.398568 4123818.361195 -1.989997 2
302572.257060 4123818.095703 -1.992031 2
302572.114227 4123817.825562 -1.991696 2
302571.929288 4123817.483302 -1.991100 2
302571.740869 4123817.149443 -1.989954 2
302571.585025 4123816.876128 -1.987933 2
302571.430980 4123816.614867 -1.983676 2
302571.266533 4123816.332125 -1.986858 2
302571.084353 4123816.021983 -1.987209 2
302570.932392 4123815.744948 -1.984617 2
302570.776116 4123815.415926 -1.981248 2
302570.612532 4123815.088665 -1.983123 2
302570.448572 4123814.752899 -1.989027 2
302570.306099 4123814.484199 -1.988246 2
302570.144921 4123814.188168 -1.983972 2
302569.959989 4123813.897994 -1.989129 2
302569.769337 4123813.582806 -1.992385 2
302569.601690 4123813.306740 -1.993115 2
302569.453479 4123813.030138 -1.995238 2
302569.269963 4123812.718461 -1.997370 2
302569.105432 4123812.417026 -1.994653 2
302568.945892 4123812.136752 -1.994730 2
302568.787350 4123811.828548 -1.989518 2
302568.637221 4123811.528268 -1.988193 2
302568.479195 4123811.232957 -1.986537 2
302568.324666 4123810.971081 -1.988392 2
302568.153882 4123810.683731 -1.989776 2
302567.966542 4123810.333604 -1.987430 2
302567.813506 4123810.032160 -1.985974 2
302567.622995 4123809.678165 -1.985092 2
302567.447376 4123809.340239 -1.983786 2
302567.270732 4123809.009522 -1.984166 2
302567.112000 4123808.724885 -1.988546 2
302566.948697 4123808.457148 -1.989616 2
302566.766967 4123808.127391 -1.995408 2
302566.602588 4123807.824707 -1.992734 2
302566.443595 4123807.535158 -1.999743 2
302566.279202 4123807.250661 -1.998373 2
302566.103460 4123806.932503 -1.998001 2
302565.923636 4123806.629222 -1.996973 2
302565.726026 4123806.322763 -2.001263 2
302565.540134 4123806.035944 -2.000730 2
302565.368159 4123805.746218 -1.999281 2
302565.209792 4123805.470867 -1.996325 2
302565.044333 4123805.208444 -2.000627 2
302564.891972 4123804.943759 -2.005644 2
302564.747405 4123804.662510 -2.014250 2
302564.553846 4123804.297533 -2.012352 2
302564.407030 4123804.012529 -2.008851 2
302564.242941 4123803.737615 -2.007081 2
302564.051622 4123803.424648 -2.024707 2
302563.872190 4123803.111882 -2.019879 2
302563.688272 4123802.785264 -2.018817 2
302563.535699 4123802.514596 -2.019450 2
302563.373499 4123802.216225 -2.016715 2
302563.219553 4123801.956947 -2.008576 2
302563.029671 4123801.646723 -2.002730 2
302562.848637 4123801.332886 -2.003877 2
302562.676387 4123801.030769 -1.997573 2
302562.520223 4123800.732397 -1.992264 2
302562.334942 4123800.413693 -1.998046 2
302562.154641 4123800.104018 -1.993451 2
302561.974959 4123799.804376 -1.990946 2
302561.805724 4123799.517928 -1.991349 2
302561.660999 4123799.246666 -1.988041 2
302561.517517 4123798.979416 -1.987053 2
302561.349699 4123798.649554 -1.985618 2
302561.201763 4123798.371757 -1.981207 2
302561.038038 4123798.056522 -1.975849 2
302560.899923 4123797.777997 -1.975225 2
302560.767927 4123797.506436 -1.978594 2
302560.619626 4123797.205105 -1.972923 2
302560.481315 4123796.919814 -1.975995 2
302560.333216 4123796.648548 -1.978699 2
302560.180535 4123796.361778 -1.985691 2
302560.031114 4123796.096908 -1.986048 2
302559.879907 4123795.837444 -1.988129 2
302559.724243 4123795.573816 -1.985664 2
