302490.046195 4123764.959418 1.129569 2
302490.189396 4123765.255856 1.136975 2
302490.349541 4123765.559442 1.140022 2
302490.514761 4123765.869298 1.142572 2
302490.689937 4123766.196908 1.146149 2
302490.846444 4123766.468809 1.147569 2
302491.017849 4123766.758868 1.151515 2
302491.168174 4123767.019839 1.153135 2
302491.351504 4123767.328117 1.153586 2
302491.513169 4123767.608743 1.156240 2
302491.658198 4123767.878306 1.157318 2
302491.824977 4123768.155887 1.148664 2
302491.981931 4123768.429140 1.146221 2
302492.144237 4123768.719723 1.146808 2
302492.297467 4123768.992804 1.146551 2
302492.451179 4123769.267336 1.146817 2
302492.615384 4123769.550823 1.146788 2
302492.774220 4123769.829625 1.148877 2
302492.918679 4123770.111331 1.152287 2
302493.062671 4123770.377850 1.151291 2
302493.215026 4123770.649186 1.154355 2
302493.354921 4123770.922492 1.157333 2
302493.493318 4123771.195514 1.158476 2
302493.644264 4123771.488175 1.163073 2
302493.788162 4123771.759837 1.171007 2
302493.939193 4123772.043782 1.176043 2
302494.090484 4123772.346118 1.179845 2
302494.238275 4123772.653485 1.182377 2
302494.378723 4123772.945816 1.183537 2
302494.508588 4123773.219470 1.183809 2
302494.643081 4123773.492900 1.184734 2
302494.785258 4123773.764103 1.186318 2
302494.940472 4123774.025054 1.177771 2
302495.101964 4123774.304473 1.167871 2
302495.245325 4123774.591058 1.166695 2
302495.401292 4123774.866191 1.167804 2
302495.558773 4123775.128698 1.173225 2
302495.711441 4123775.396344 1.172971 2
302495.873145 4123775.703891 1.171520 2
302496.022343 4123775.980442 1.166795 2
302496.172172 4123776.263015 1.165446 2
302496.360521 4123776.565770 1.158318 2
302496.524233 4123776.863878 1.158428 2
302496.663421 4123777.149993 1.158718 2
302496.803010 4123777.434189 1.161207 2
302496.946683 4123777.702803 1.155871 2
302497.107875 4123777.999196 1.158185 2
302497.257492 4123778.261089 1.156326 2
302497.414429 4123778.538342 1.157941 2
302497.575057 4123778.806591 1.153560 2
302497.739848 4123779.093168 1.153817 2
302497.903901 4123779.376360 1.153610 2
302498.061076 4123779.657457 1.156085 2
302498.222231 4123779.973301 1.166446 2
302498.382140 4123780.298002 1.174090 2
302498.556481 4123780.631067 1.173961 2
302498.699076 4123780.907135 1.174892 2
302498.850649 4123781.205451 1.177484 2
302498.985327 4123781.496289 1.190843 2
302499.136661 4123781.789439 1.194269 2
302499.285665 4123782.076759 1.201921 2
302499.428588 4123782.367766 1.201072 2
302499.567128 4123782.666706 1.211614 2
302499.682840 4123782.948657 1.219759 2
302499.816971 4123783.260346 1.231006 2
302499.952517 4123783.578872 1.230526 2
302500.063626 4123783.861227 1.244019 2
302500.180220 4123784.153890 1.263326 2
302500.298780 4123784.454813 1.280674 2
302500.423220 4123784.766898 1.296352 2
302500.533697 4123785.062945 1.309347 2
302500.619594 4123785.367846 1.337268 2
302500.710195 4123785.700429 1.354684 2
302500.780387 4123785.993270 1.367599 2
302500.849780 4123786.302228 1.380360 2
302500.902221 4123786.602042 1.401342 2
302500.965503 4123786.953416 1.428136 2
302501.028014 4123787.301638 1.453693 2
302501.076563 4123787.634099 1.481244 2
302501.115141 4123787.958313 1.506843 2
302501.141290 4123788.264651 1.532094 2
302501.167647 4123788.589539 1.552790 2
302501.183499 4123788.893822 1.569432 2
302501.213087 4123789.203471 1.576095 2
302501.212172 4123789.525715 1.597999 2
302501.197065 4123789.844579 1.625916 2
302501.179449 4123790.161882 1.653848 2
302501.158276 4123790.475596 1.684839 2
302501.111027 4123790.787800 1.737340 2
302501.042789 4123791.088795 1.785762 2
302500.969366 4123791.384730 1.837934 2
302500.850691 4123791.679257 1.881783 2
302500.731272 4123791.966742 1.932038 2
302500.611320 4123792.244734 1.977824 2
302500.475619 4123792.539418 2.017195 2
302500.325600 4123792.827373 2.060033 2
302500.158260 4123793.104950 2.115108 2
302499.976291 4123793.404685 2.162469 2
302499.796721 4123793.671839 2.206823 2
302499.599366 4123793.958247 2.241705 2
302499.399112 4123794.246053 2.251033 2
302499.205638 4123794.541593 2.256568 2
302498.995886 4123794.838393 2.259936 2
302498.795945 4123795.093856 2.279807 2
302498.560986 4123795.354166 2.318684 2
302498.350334 4123795.571679 2.359112 2
302498.114051 4123795.793112 2.401379 2
302497.850171 4123796.027025 2.444073 2
302497.620266 4123796.223418 2.481118 2
302497.366574 4123796.413603 2.522847 2
302497.098984 4123796.600092 2.561663 2
302496.850930 4123796.780478 2.587826 2
302496.596967 4123796.980045 2.604047 2
302496.351784 4123797.163968 2.602506 2
302496.098577 4123797.350728 2.608904 2
302495.832113 4123797.507439 2.628660 2
302495.548931 4123797.633123 2.673427 2
302495.235551 4123797.765676 2.719322 2
302494.933984 4123797.924520 2.755590 2
302494.651399 4123798.053687 2.780178 2
302494.392405 4123798.209560 2.777323 2
302494.123105 4123798.395965 2.768408 2
302493.838438 4123798.579123 2.755775 2
302493.536142 4123798.751233 2.751208 2
302493.264061 4123798.902806 2.746135 2
302492.991938 4123799.042595 2.745399 2
302492.684648 4123799.205651 2.748167 2
302492.375308 4123799.378512 2.745300 2
302492.080812 4123799.541709 2.751755 2
302491.807266 4123799.690499 2.747071 2
302491.522003 4123799.837369 2.754495 2
302491.258688 4123799.981696 2.754493 2
302490.985420 4123800.126442 2.757007 2
302490.686970 4123800.291597 2.760029 2
302490.414162 4123800.443075 2.761642 2
302490.148625 4123800.587021 2.763750 2
302489.826645 4123800.746354 2.762244 2
302489.522091 4123800.900972 2.764444 2
302489.203676 4123801.071229 2.764759 2
302488.908418 4123801.230320 2.765947 2
302488.624524 4123801.388142 2.763422 2
302488.370782 4123801.557522 2.765515 2
