302494.534292 4123773.043713 1.137497 2
302494.688329 4123773.336457 1.140554 2
302494.823153 4123773.632250 1.137339 2
302494.981483 4123773.903677 1.137913 2
302495.134863 4123774.166835 1.134997 2
302495.332073 4123774.441149 1.135360 2
302495.506976 4123774.704645 1.134864 2
302495.679926 4123774.988806 1.134085 2
302495.851662 4123775.273688 1.134704 2
302496.007868 4123775.543818 1.136094 2
302496.162805 4123775.820453 1.140159 2
302496.309074 4123776.093463 1.142729 2
302496.456571 4123776.355644 1.145663 2
302496.611696 4123776.621436 1.148201 2
302496.770987 4123776.912693 1.150510 2
302496.933758 4123777.202051 1.153408 2
302497.077470 4123777.482570 1.156872 2
302497.229225 4123777.782612 1.160656 2
302497.387401 4123778.092266 1.162780 2
302497.530677 4123778.377508 1.166558 2
302497.664675 4123778.650304 1.172016 2
302497.793426 4123778.921272 1.180358 2
302497.945609 4123779.226170 1.183295 2
302498.085973 4123779.510815 1.186383 2
302498.237396 4123779.798701 1.187898 2
302498.359964 4123780.080822 1.193193 2
302498.500877 4123780.396465 1.201102 2
302498.621818 4123780.674399 1.210024 2
302498.749412 4123780.974950 1.220940 2
302498.861020 4123781.276619 1.230007 2
302498.965741 4123781.586902 1.238967 2
302499.077731 4123781.905149 1.245214 2
302499.194308 4123782.229135 1.256710 2
302499.305065 4123782.507960 1.267698 2
302499.436608 4123782.823318 1.277307 2
302499.570644 4123783.123954 1.285484 2
302499.687667 4123783.406084 1.301767 2
302499.812120 4123783.714574 1.314730 2
302499.944980 4123784.025377 1.319988 2
302500.046840 4123784.307987 1.326311 2
302500.123742 4123784.626550 1.344957 2
302500.183263 4123784.922443 1.359348 2
302500.247570 4123785.225335 1.376175 2
302500.296237 4123785.549234 1.403108 2
302500.355860 4123785.882253 1.422980 2
302500.416067 4123786.200125 1.440309 2
302500.487427 4123786.527321 1.455656 2
302500.544995 4123786.855210 1.475729 2
302500.590004 4123787.177373 1.498925 2
302500.625210 4123787.485619 1.523707 2
302500.643978 4123787.797952 1.553365 2
302500.675336 4123788.109715 1.577363 2
302500.685546 4123788.437379 1.608962 2
302500.670732 4123788.772045 1.645135 2
302500.643302 4123789.122625 1.680650 2
302500.609757 4123789.431264 1.711630 2
302500.564196 4123789.753248 1.736154 2
302500.485834 4123790.074867 1.771038 2
302500.404749 4123790.387714 1.800341 2
302500.298715 4123790.722701 1.828579 2
302500.214009 4123791.073079 1.853983 2
302500.125639 4123791.366409 1.879086 2
302500.040818 4123791.655172 1.904260 2
302499.943807 4123791.939125 1.932636 2
302499.821731 4123792.260713 1.963837 2
302499.707715 4123792.566107 1.995962 2
302499.565006 4123792.871999 2.028242 2
302499.433036 4123793.144415 2.057803 2
302499.265633 4123793.438946 2.092831 2
302499.098209 4123793.727368 2.121854 2
302498.906333 4123794.036210 2.146537 2
302498.741405 4123794.308606 2.169807 2
302498.549815 4123794.592345 2.195755 2
302498.322869 4123794.890217 2.227629 2
302498.138734 4123795.134227 2.260880 2
302497.907905 4123795.404632 2.301001 2
302497.666558 4123795.654194 2.339714 2
302497.426833 4123795.881707 2.375273 2
302497.195270 4123796.105535 2.406281 2
302496.948763 4123796.329911 2.430170 2
302496.705565 4123796.542813 2.457283 2
302496.421946 4123796.768966 2.485907 2
302496.143923 4123796.979569 2.512539 2
302495.882057 4123797.157208 2.535373 2
302495.630621 4123797.333113 2.549431 2
302495.375003 4123797.498872 2.564488 2
302495.123124 4123797.678255 2.566329 2
302494.877963 4123797.855661 2.568618 2
302494.573890 4123798.061934 2.572744 2
302494.322987 4123798.244429 2.577805 2
302494.052760 4123798.426657 2.590731 2
302493.769416 4123798.605653 2.600303 2
302493.503873 4123798.782463 2.611655 2
302493.245914 4123798.935936 2.628362 2
302492.962092 4123799.150327 2.631571 2
302492.692928 4123799.347358 2.633289 2
302492.441657 4123799.528151 2.637906 2
302492.196174 4123799.709454 2.642394 2
302491.934560 4123799.897465 2.660817 2
302491.652377 4123800.082988 2.678840 2
302491.393777 4123800.255108 2.680854 2
302491.136925 4123800.413151 2.683882 2
302490.885621 4123800.585299 2.694606 2
302490.586271 4123800.705436 2.699515 2
302490.295240 4123800.804244 2.699315 2
