302569.479124 4124003.470526 0.049865 3
302569.783628 4124003.481804 0.052117 3
302570.087336 4124003.480455 0.053612 3
302570.405949 4124003.483301 0.057327 3
302570.748383 4124003.481578 0.061102 3
302571.062215 4124003.476200 0.064534 3
302571.380874 4124003.479682 0.070984 3
302571.717001 4124003.478809 0.072633 3
302572.018809 4124003.468088 0.073541 3
302572.322224 4124003.457302 0.074211 3
302572.664594 4124003.454469 0.071343 3
302572.988965 4124003.449031 0.075061 3
302573.324255 4124003.452431 0.075298 3
302573.676167 4124003.457370 0.079650 3
302574.003858 4124003.471600 0.080411 3
302574.350900 4124003.484915 0.082371 3
302574.656206 4124003.488695 0.086448 3
302574.996572 4124003.487089 0.082622 3
302575.339779 4124003.486816 0.082862 3
302575.669040 4124003.483031 0.081906 3
302575.972003 4124003.477943 0.077558 3
302576.297664 4124003.474111 0.070136 3
302576.597743 4124003.465113 0.064517 3
302576.898440 4124003.454102 0.054876 3
302577.223493 4124003.440876 0.041477 3
302577.556997 4124003.421812 0.026684 3
302577.896557 4124003.389409 0.010381 3
302578.200914 4124003.362176 -0.001645 3
302578.503999 4124003.338969 -0.003630 3
302578.850778 4124003.303515 -0.009616 3
302579.158856 4124003.271949 -0.017368 3
302579.505724 4124003.215875 -0.039715 3
302579.801060 4124003.159295 -0.056666 3
302580.101330 4124003.101215 -0.068811 3
302580.411101 4124003.045437 -0.083226 3
302580.717267 4124002.988685 -0.092389 3
302581.020059 4124002.932160 -0.101036 3
302581.363218 4124002.854407 -0.114828 3
302581.665205 4124002.785997 -0.124505 3
302581.982873 4124002.702310 -0.143856 3
302582.309397 4124002.622213 -0.163416 3
302582.602837 4124002.528672 -0.181748 3
302582.920745 4124002.415688 -0.204432 3
302583.230987 4124002.298417 -0.224226 3
302583.534154 4124002.171649 -0.255497 3
302583.868957 4124002.026356 -0.285324 3
302584.182384 4124001.885342 -0.317969 3
302584.453199 4124001.748664 -0.346363 3
302584.748130 4124001.571966 -0.394202 3
302585.025625 4124001.386726 -0.435651 3
302585.300048 4124001.173752 -0.486239 3
302585.561484 4124000.949144 -0.532869 3
302585.773747 4124000.735331 -0.589508 3
302585.992373 4124000.494351 -0.624283 3
302586.229361 4124000.234950 -0.656325 3
302586.424229 4124000.004763 -0.684147 3
302586.610364 4123999.766107 -0.719462 3
302586.789899 4123999.508862 -0.761582 3
302586.961102 4123999.261309 -0.801080 3
302587.116088 4123998.995394 -0.843013 3
302587.284098 4123998.726535 -0.873648 3
302587.434856 4123998.456894 -0.900817 3
302587.610035 4123998.152164 -0.924076 3
302587.758402 4123997.870205 -0.946113 3
302587.890530 4123997.577265 -0.977674 3
302588.023616 4123997.307428 -0.996522 3
302588.182445 4123996.977004 -1.021927 3
302588.309490 4123996.657846 -1.060922 3
302588.421125 4123996.342848 -1.100135 3
302588.515024 4123996.024545 -1.134274 3
302588.577456 4123995.722018 -1.166285 3
302588.635924 4123995.401382 -1.203003 3
302588.684957 4123995.085786 -1.236299 3
302588.728791 4123994.757606 -1.265151 3
302588.765822 4123994.403862 -1.300901 3
302588.819444 4123994.045552 -1.336951 3
302588.849554 4123993.738313 -1.367006 3
302588.887174 4123993.398540 -1.378263 3
302588.923703 4123993.052188 -1.386229 3
302588.956313 4123992.701787 -1.389057 3
302588.973058 4123992.398240 -1.389729 3
302588.983313 4123992.089656 -1.395043 3
302588.994295 4123991.766090 -1.407612 3
302588.991224 4123991.458201 -1.422560 3
302588.996668 4123991.147085 -1.442555 3
302588.988320 4123990.770436 -1.464421 3
302588.982524 4123990.457284 -1.475827 3
302588.971720 4123990.121850 -1.487772 3
302588.952722 4123989.784014 -1.506669 3
302588.929907 4123989.418888 -1.527175 3
302588.901914 4123989.063618 -1.545880 3
302588.891237 4123988.691149 -1.550362 3
302588.888035 4123988.389138 -1.550156 3
302588.871514 4123988.070733 -1.550533 3
302588.841188 4123987.759219 -1.549884 3
302588.811337 4123987.437378 -1.548487 3
302588.784802 4123987.136402 -1.548929 3
302588.764199 4123986.835938 -1.548707 3
302588.739136 4123986.467812 -1.551631 3
302588.711340 4123986.128438 -1.549958 3
302588.686003 4123985.774367 -1.550027 3
302588.665387 4123985.444808 -1.550648 3
302588.657848 4123985.104168 -1.549966 3
302588.638979 4123984.804277 -1.549702 3
