302509.247023 4123809.437772 -2.035187 4
302509.112373 4123809.152104 -2.021199 4
302508.978472 4123808.879593 -2.017396 4
302508.827152 4123808.605256 -2.015854 4
302508.667551 4123808.327056 -2.012430 4
302508.501170 4123808.024818 -2.010248 4
302508.333526 4123807.746052 -2.004967 4
302508.147742 4123807.445570 -2.003242 4
302507.963634 4123807.140433 -2.004818 4
302507.787579 4123806.843876 -2.003422 4
302507.636897 4123806.549009 -2.000460 4
302507.493514 4123806.274930 -2.000961 4
302507.327288 4123805.984197 -1.998268 4
302507.169202 4123805.685029 -1.997412 4
302507.015095 4123805.396511 -1.988149 4
302506.866733 4123805.090716 -1.989653 4
302506.721879 4123804.814304 -1.995384 4
302506.569353 4123804.542625 -1.998485 4
302506.414287 4123804.256688 -1.997474 4
302506.254994 4123803.985555 -2.000672 4
302506.108415 4123803.723395 -1.997594 4
302505.953611 4123803.463909 -1.999140 4
302505.796705 4123803.199690 -2.002198 4
302505.631648 4123802.936593 -2.007089 4
302505.484499 4123802.669763 -2.005750 4
302505.315361 4123802.362672 -2.003444 4
302505.154409 4123802.061477 -2.004733 4
302504.984017 4123801.769879 -2.005030 4
302504.811509 4123801.507769 -1.998062 4
302504.657359 4123801.227821 -1.997576 4
302504.485019 4123800.937223 -1.997788 4
302504.295863 4123800.614872 -1.998017 4
302504.148495 4123800.345581 -2.003224 4
302503.996829 4123800.082412 -2.003663 4
302503.856154 4123799.794035 -2.004816 4
302503.711155 4123799.524437 -2.003423 4
302503.543797 4123799.224184 -2.003169 4
302503.390519 4123798.939551 -2.005024 4
302503.234483 4123798.631074 -2.002293 4
302503.084098 4123798.335772 -1.994235 4
302502.925009 4123798.037970 -1.991333 4
302502.763635 4123797.737614 -1.987618 4
302502.620595 4123797.473074 -1.986635 4
302502.480888 4123797.204336 -1.982912 4
302502.326432 4123796.913773 -1.981559 4
302502.171078 4123796.591421 -1.979325 4
302501.996620 4123796.270087 -1.979810 4
302501.823782 4123795.969770 -1.983275 4
302501.648533 4123795.650745 -1.984872 4
302501.490707 4123795.365311 -1.984387 4
302501.316516 4123795.059130 -1.983804 4
302501.152293 4123794.760378 -1.986473 4
302500.967326 4123794.444592 -1.992755 4
302500.785541 4123794.133814 -1.997836 4
302500.635934 4123793.852074 -2.004026 4
302500.477166 4123793.557654 -2.000762 4
302500.319735 4123793.272288 -2.003441 4
302500.147835 4123792.985229 -2.014235 4
302499.982621 4123792.720581 -2.012221 4
302499.829582 4123792.457623 -2.015214 4
302499.661950 4123792.166622 -2.017283 4
302499.495101 4123791.871626 -2.019745 4
302499.334381 4123791.600591 -2.020198 4
302499.176171 4123791.332485 -2.017225 4
302498.999873 4123791.047302 -2.018211 4
302498.847727 4123790.786206 -2.016119 4
302498.682500 4123790.507149 -2.017523 4
302498.523485 4123790.235693 -2.012052 4
302498.370952 4123789.976588 -2.013672 4
302498.210129 4123789.678960 -2.015863 4
302498.046214 4123789.372743 -2.016174 4
302497.893940 4123789.086161 -2.006017 4
302497.736567 4123788.821178 -2.001973 4
302497.575942 4123788.565666 -2.000729 4
302497.389189 4123788.264950 -1.997882 4
302497.224134 4123787.982682 -1.999024 4
302497.059000 4123787.696437 -1.996792 4
302496.884825 4123787.378717 -1.995258 4
302496.729824 4123787.105791 -1.996598 4
302496.578273 4123786.835574 -1.993075 4
302496.407621 4123786.516288 -1.991813 4
302496.259069 4123786.247240 -1.990987 4
302496.109370 4123785.964077 -1.991236 4
302495.956154 4123785.680599 -1.988257 4
302495.809064 4123785.414847 -1.985786 4
302495.651591 4123785.141459 -1.986707 4
302495.482735 4123784.834916 -1.981306 4
302495.327965 4123784.557893 -1.980158 4
302495.170361 4123784.273520 -1.980172 4
302494.996508 4123783.944316 -1.977983 4
302494.824409 4123783.620336 -1.977490 4
302494.649179 4123783.283984 -1.974872 4
302494.465913 4123782.929488 -1.976325 4
302494.294518 4123782.604798 -1.975051 4
302494.130074 4123782.300088 -1.976936 4
302493.974159 4123782.013614 -1.974245 4
302493.823512 4123781.738285 -1.975994 4
302493.672041 4123781.459234 -1.974561 4
302493.519216 4123781.185179 -1.973672 4
302493.362780 4123780.885955 -1.977505 4
302493.224766 4123780.615126 -1.976859 4
302493.050388 4123780.292941 -1.976259 4
302492.905540 4123780.023962 -1.973906 4
302492.760830 4123779.759992 -1.972015 4
302492.594633 4123779.447565 -1.973484 4
302492.443742 4123779.161961 -1.974928 4
302492.300408 4123778.897002 -1.975286 4
302492.146256 4123778.624383 -1.983230 4
302491.992973 4123778.347832 -1.986260 4
302491.841060 4123778.086213 -1.989225 4
302491.657622 4123777.776640 -1.986840 4
302491.481927 4123777.495687 -1.996935 4
302491.286917 4123777.206509 -2.004102 4
302491.115932 4123776.946709 -2.009990 4
302490.945248 4123776.656655 -2.011922 4
302490.778333 4123776.359384 -2.003004 4
302490.624288 4123776.063320 -1.990534 4
302490.452720 4123775.751937 -1.987830 4
302490.303962 4123775.490949 -1.981592 4
302490.147203 4123775.211440 -1.977198 4
302490.008545 4123774.943468 -1.977479 4
302489.849474 4123774.664127 -1.975216 4
302489.686652 4123774.401034 -1.975168 4
