302597.103196 4124079.406304 1.643582 2
302597.078398 4124079.721506 1.647414 2
302597.077973 4124080.041520 1.649361 2
302597.069967 4124080.357825 1.650452 2
302597.053967 4124080.687163 1.650299 2
302597.058361 4124080.991238 1.653314 2
302597.063371 4124081.303803 1.652396 2
302597.058527 4124081.641791 1.655125 2
302597.067949 4124081.994236 1.656553 2
302597.070192 4124082.327825 1.657364 2
302597.075282 4124082.652669 1.657666 2
302597.073291 4124082.997609 1.658341 2
302597.068471 4124083.316926 1.655585 2
302597.052184 4124083.655277 1.655837 2
302597.061432 4124083.969132 1.655107 2
302597.071319 4124084.292868 1.652900 2
302597.073744 4124084.608464 1.652966 2
302597.064213 4124084.923539 1.655002 2
302597.061190 4124085.236362 1.654597 2
302597.058696 4124085.547024 1.655707 2
302597.064593 4124085.873325 1.655229 2
302597.082041 4124086.199474 1.654579 2
302597.083756 4124086.508246 1.655996 2
302597.080165 4124086.813155 1.656404 2
302597.069479 4124087.157920 1.655659 2
302597.054372 4124087.505315 1.654827 2
302597.053050 4124087.872469 1.654975 2
302597.057942 4124088.203435 1.656443 2
302597.067612 4124088.524046 1.656194 2
302597.072752 4124088.888605 1.654504 2
302597.069141 4124089.219444 1.654800 2
302597.070788 4124089.554956 1.657758 2
302597.067239 4124089.897510 1.657512 2
302597.069984 4124090.225343 1.656411 2
302597.069017 4124090.525661 1.657676 2
302597.070033 4124090.872091 1.657771 2
302597.078193 4124091.205629 1.658394 2
302597.096625 4124091.508430 1.658859 2
302597.104785 4124091.808789 1.659799 2
302597.115673 4124092.127202 1.660617 2
302597.114099 4124092.493259 1.659706 2
302597.105414 4124092.798154 1.658458 2
302597.105319 4124093.133668 1.657202 2
302597.104801 4124093.479822 1.655168 2
302597.111973 4124093.808918 1.658265 2
302597.115672 4124094.127546 1.659941 2
302597.126623 4124094.432389 1.660583 2
302597.130706 4124094.782963 1.663620 2
302597.137602 4124095.084333 1.665957 2
302597.137956 4124095.406198 1.667993 2
302597.140243 4124095.750499 1.666924 2
302597.135977 4124096.077512 1.666579 2
302597.135104 4124096.447825 1.667583 2
302597.140864 4124096.784053 1.667972 2
302597.141283 4124097.141517 1.663822 2
302597.130493 4124097.443168 1.671039 2
302597.126687 4124097.794986 1.671969 2
302597.121408 4124098.108321 1.673230 2
302597.115958 4124098.437566 1.673452 2
302597.110512 4124098.768236 1.673336 2
302597.110832 4124099.119779 1.673762 2
302597.126173 4124099.437594 1.664239 2
302597.131603 4124099.737841 1.666337 2
302597.134158 4124100.047903 1.667532 2
302597.144497 4124100.355049 1.660125 2
302597.155926 4124100.678401 1.655233 2
302597.164513 4124100.980313 1.653171 2
302597.164349 4124101.299312 1.653623 2
302597.162079 4124101.611353 1.654035 2
302597.170160 4124101.922713 1.645014 2
302597.169566 4124102.227035 1.644052 2
302597.168934 4124102.529947 1.645092 2
302597.171185 4124102.841430 1.644664 2
302597.186431 4124103.167817 1.641120 2
302597.195632 4124103.485981 1.641488 2
302597.212264 4124103.822081 1.640466 2
302597.226952 4124104.152094 1.638781 2
302597.239171 4124104.490369 1.638896 2
302597.251295 4124104.792348 1.637817 2
302597.259736 4124105.102992 1.636218 2
302597.270776 4124105.412270 1.636479 2
302597.289790 4124105.741396 1.635615 2
302597.306690 4124106.065516 1.635888 2
302597.310408 4124106.379126 1.637411 2
302597.320297 4124106.711090 1.642886 2
302597.329781 4124107.021047 1.641256 2
302597.342181 4124107.340277 1.640480 2
302597.348402 4124107.695419 1.642471 2
302597.351842 4124108.037245 1.643424 2
302597.353810 4124108.379146 1.644658 2
302597.356569 4124108.683060 1.644947 2
302597.366850 4124109.028528 1.646486 2
302597.375942 4124109.348348 1.647309 2
302597.383916 4124109.658487 1.653824 2
302597.394907 4124109.965409 1.654122 2
302597.401698 4124110.284474 1.652121 2
302597.402801 4124110.622572 1.650462 2
302597.409879 4124110.977721 1.650321 2
302597.413380 4124111.281414 1.650847 2
302597.408049 4124111.591379 1.652642 2
302597.421674 4124111.917452 1.650361 2
302597.439203 4124112.237701 1.648673 2
302597.451437 4124112.541932 1.651603 2
302597.449898 4124112.852072 1.653382 2
302597.452183 4124113.212978 1.652286 2
302597.455046 4124113.567941 1.657065 2
302597.465690 4124113.896951 1.660601 2
302597.472452 4124114.234383 1.661604 2
302597.475036 4124114.569948 1.662785 2
302597.481470 4124114.906796 1.664417 2
302597.484826 4124115.233207 1.663544 2
302597.480859 4124115.539657 1.664754 2
302597.476985 4124115.852827 1.673711 2
302597.477739 4124116.153704 1.680625 2
302597.479949 4124116.486623 1.681567 2
302597.476304 4124116.795372 1.681720 2
302597.461796 4124117.164501 1.689895 2
302597.442277 4124117.533953 1.699831 2
302597.420377 4124117.840806 1.706507 2
302597.393844 4124118.167811 1.712728 2
302597.368219 4124118.500687 1.725540 2
302597.329215 4124118.813968 1.749292 2
302597.273156 4124119.149216 1.773156 2
302597.222412 4124119.468396 1.790295 2
302597.172129 4124119.789666 1.808409 2
302597.111347 4124120.112792 1.827162 2
302597.045462 4124120.425196 1.847837 2
302596.977436 4124120.753695 1.860934 2
302596.895286 4124121.093664 1.879817 2
302596.801216 4124121.416297 1.897924 2
302596.713103 4124121.709806 1.919222 2
302596.608147 4124122.033318 1.941451 2
302596.485941 4124122.351724 1.969989 2
302596.363411 4124122.679773 1.994253 2
302596.248060 4124122.994240 2.009264 2
302596.131078 4124123.291986 2.029168 2
302595.994405 4124123.609659 2.047522 2
302595.850348 4124123.919331 2.067716 2
302595.710432 4124124.206521 2.088494 2
302595.562667 4124124.469026 2.110763 2
302595.392471 4124124.761614 2.139855 2
302595.228244 4124125.054207 2.158740 2
302595.053169 4124125.323580 2.191665 2
302594.865632 4124125.600623 2.216703 2
302594.685935 4124125.875326 2.236106 2
302594.518223 4124126.160773 2.238014 2
302594.355045 4124126.430949 2.245492 2
302594.189303 4124126.681051 2.263175 2
302594.015687 4124126.934332 2.275890 2
302593.810839 4124127.178325 2.291683 2
302593.611090 4124127.419199 2.318231 2
302593.391277 4124127.659807 2.344113 2
302593.132680 4124127.916030 2.380322 2
302592.857015 4124128.157251 2.424477 2
302592.592922 4124128.373551 2.471090 2
302592.333305 4124128.570548 2.510138 2
302592.083113 4124128.763034 2.540601 2
302591.838522 4124128.949781 2.566423 2
302591.583023 4124129.132366 2.582866 2
302591.317410 4124129.303576 2.602523 2
302591.043645 4124129.463420 2.619687 2
302590.752191 4124129.644924 2.649129 2
302590.471223 4124129.790174 2.677300 2
302590.191082 4124129.927782 2.698395 2
302589.903057 4124130.068342 2.727517 2
302589.604595 4124130.186562 2.757906 2
302589.300563 4124130.321397 2.777813 2
302589.013531 4124130.442512 2.798357 2
302588.736416 4124130.573065 2.802855 2
302588.449619 4124130.710448 2.806487 2
302588.158724 4124130.838648 2.809594 2
302587.841632 4124130.970322 2.822200 2
302587.491088 4124131.092766 2.849101 2
302587.136278 4124131.202065 2.881223 2
302586.780367 4124131.304145 2.915492 2
302586.437673 4124131.382408 2.951146 2
302586.109973 4124131.454844 2.979931 2
302585.784143 4124131.523393 3.004613 2
302585.467835 4124131.589395 3.027551 2
302585.142827 4124131.643650 3.048043 2
302584.832090 4124131.685363 3.069042 2
302584.494801 4124131.702979 3.105789 2
302584.152927 4124131.726517 3.136817 2
302583.847795 4124131.726554 -3.116242 2
302583.518505 4124131.725944 -3.083018 2
302583.188513 4124131.718817 -3.067423 2
302582.879347 4124131.733388 -3.064445 2
302582.579410 4124131.743295 -3.064298 2
302582.278563 4124131.751060 -3.065707 2
302581.944453 4124131.759691 -3.068468 2
302581.596534 4124131.751487 -3.055172 2
302581.261744 4124131.712248 -3.041060 2
302580.945996 4124131.699371 -3.032062 2
302580.611449 4124131.687837 -3.031797 2
302580.284650 4124131.672055 -3.029426 2
302579.971832 4124131.665068 -3.031099 2
302579.640547 4124131.655767 -3.029793 2
302579.318951 4124131.657453 -3.028029 2
302578.978760 4124131.663787 -3.027118 2
302578.637986 4124131.661478 -3.025919 2
302578.332243 4124131.662562 -3.027935 2
302577.990132 4124131.654517 -3.032411 2
302577.686260 4124131.643356 -3.032890 2
302577.382832 4124131.634841 -3.031861 2
302577.073384 4124131.626958 -3.036591 2
302576.765886 4124131.620910 -3.040343 2
302576.424868 4124131.633946 -3.040651 2
302576.119339 4124131.646285 -3.040250 2
302575.799799 4124131.641017 -3.042608 2
302575.481320 4124131.642334 -3.044555 2
302575.160958 4124131.644864 -3.044288 2
302574.848239 4124131.626357 -3.047869 2
302574.516231 4124131.606738 -3.047445 2
302574.193374 4124131.596048 -3.045230 2
302573.874441 4124131.601321 -3.045457 2
302573.536494 4124131.620335 -3.046371 2
302573.216794 4124131.631182 -3.046078 2
302572.911025 4124131.639137 -3.047767 2
302572.607181 4124131.645653 -3.048043 2
302572.294654 4124131.647782 -3.047498 2
