302502.956231 4123846.965890 -0.437314 4
302503.236110 4123846.821946 -0.437246 4
302503.506655 4123846.668388 -0.435674 4
302503.800386 4123846.499505 -0.437504 4
302504.088748 4123846.335168 -0.438608 4
302504.369207 4123846.183634 -0.437872 4
302504.641495 4123846.032884 -0.437923 4
302504.909893 4123845.870596 -0.436164 4
302505.169861 4123845.717362 -0.436336 4
302505.441502 4123845.552082 -0.436211 4
302505.698179 4123845.396519 -0.438217 4
302505.978512 4123845.226373 -0.438499 4
302506.291749 4123845.040624 -0.438405 4
302506.561493 4123844.882773 -0.435562 4
302506.855346 4123844.709280 -0.438881 4
302507.148700 4123844.529430 -0.443692 4
302507.430492 4123844.363038 -0.444799 4
302507.696369 4123844.205231 -0.444194 4
302507.960346 4123844.050796 -0.446178 4
302508.219334 4123843.892193 -0.446594 4
302508.475657 4123843.732598 -0.449981 4
302508.731875 4123843.571745 -0.447664 4
302509.025255 4123843.393644 -0.443805 4
302509.318875 4123843.207418 -0.442646 4
302509.595380 4123843.045209 -0.439901 4
302509.903893 4123842.859723 -0.437188 4
302510.176974 4123842.697687 -0.435491 4
302510.485780 4123842.526691 -0.430920 4
302510.782433 4123842.348034 -0.429483 4
302511.068238 4123842.187366 -0.427645 4
302511.328949 4123842.033543 -0.426066 4
302511.612332 4123841.865428 -0.425783 4
302511.906215 4123841.691999 -0.428633 4
302512.183759 4123841.543965 -0.426858 4
302512.472464 4123841.389920 -0.424269 4
302512.767683 4123841.236375 -0.426223 4
302513.066787 4123841.069563 -0.425119 4
302513.378120 4123840.890945 -0.423696 4
302513.680062 4123840.723748 -0.421987 4
302513.977936 4123840.571987 -0.422571 4
302514.265738 4123840.417682 -0.419509 4
302514.548123 4123840.245799 -0.417482 4
302514.834617 4123840.076263 -0.411680 4
302515.101140 4123839.907777 -0.416275 4
302515.373681 4123839.747161 -0.413613 4
302515.632044 4123839.593965 -0.414113 4
302515.893025 4123839.429604 -0.414151 4
302516.163086 4123839.270977 -0.409130 4
302516.433998 4123839.113731 -0.407303 4
302516.702723 4123838.973395 -0.405937 4
302516.967309 4123838.831276 -0.403015 4
302517.245891 4123838.685560 -0.403752 4
302517.512162 4123838.543691 -0.407405 4
302517.780348 4123838.392764 -0.407655 4
302518.080631 4123838.217503 -0.418347 4
302518.359954 4123838.058730 -0.414754 4
302518.687137 4123837.875637 -0.411824 4
302518.952684 4123837.725168 -0.410434 4
302519.260399 4123837.567735 -0.408417 4
302519.574646 4123837.392125 -0.412863 4
302519.836274 4123837.232922 -0.415833 4
302520.123811 4123837.063360 -0.415787 4
302520.384835 4123836.913496 -0.415581 4
302520.709466 4123836.733094 -0.413364 4
302521.022374 4123836.551679 -0.415149 4
302521.336522 4123836.364953 -0.416041 4
302521.608749 4123836.220474 -0.417212 4
302521.950849 4123836.057561 -0.411168 4
302522.299550 4123835.887429 -0.407312 4
302522.627211 4123835.703121 -0.406246 4
302522.931676 4123835.527667 -0.408095 4
302523.229365 4123835.355807 -0.409114 4
302523.554578 4123835.178875 -0.406739 4
302523.897469 4123835.001015 -0.402704 4
302524.170513 4123834.866014 -0.403298 4
302524.470160 4123834.684045 -0.402695 4
302524.765770 4123834.504359 -0.399658 4
302525.039922 4123834.338672 -0.394603 4
302525.342539 4123834.162462 -0.394299 4
302525.642478 4123833.989555 -0.393916 4
302525.949409 4123833.816933 -0.396093 4
302526.250943 4123833.643937 -0.393670 4
302526.552923 4123833.484218 -0.398893 4
302526.864624 4123833.326851 -0.399382 4
302527.178516 4123833.170134 -0.390439 4
302527.486436 4123833.008578 -0.385690 4
302527.802598 4123832.841141 -0.386307 4
302528.115711 4123832.679609 -0.383026 4
302528.427798 4123832.510585 -0.380854 4
302528.706608 4123832.362722 -0.377446 4
302528.970111 4123832.217041 -0.378646 4
302529.257389 4123832.058174 -0.377372 4
302529.554625 4123831.907883 -0.378956 4
302529.853458 4123831.748518 -0.375130 4
302530.128126 4123831.599984 -0.373522 4
302530.412210 4123831.440597 -0.375844 4
302530.702393 4123831.289903 -0.377391 4
302531.024495 4123831.127830 -0.376856 4
302531.366303 4123830.949166 -0.380131 4
302531.684994 4123830.788649 -0.380513 4
302531.989210 4123830.630900 -0.380013 4
302532.291548 4123830.463596 -0.384164 4
302532.575047 4123830.312674 -0.381090 4
302532.844442 4123830.167489 -0.383265 4
302533.121959 4123830.009148 -0.393388 4
302533.399864 4123829.858628 -0.394663 4
302533.735232 4123829.690673 -0.396825 4
302534.086641 4123829.515066 -0.399449 4
302534.437413 4123829.352508 -0.400803 4
302534.763726 4123829.180435 -0.402186 4
302535.079254 4123828.991960 -0.409431 4
302535.376223 4123828.799100 -0.410080 4
302535.648841 4123828.612157 -0.412668 4
302535.913705 4123828.437771 -0.413430 4
302536.173600 4123828.278775 -0.417269 4
302536.445000 4123828.125601 -0.412801 4
302536.730992 4123827.968099 -0.412715 4
302537.010148 4123827.814760 -0.415421 4
302537.272292 4123827.659557 -0.413967 4
302537.541993 4123827.502108 -0.414169 4
302537.829888 4123827.338528 -0.414903 4
302538.102338 4123827.188497 -0.413071 4
302538.409582 4123827.016212 -0.410850 4
302538.716723 4123826.845255 -0.406604 4
302539.036664 4123826.670085 -0.408039 4
302539.343659 4123826.508501 -0.406958 4
302539.641594 4123826.361255 -0.403303 4
302539.913416 4123826.213598 -0.404083 4
302540.234338 4123826.040200 -0.405078 4
302540.500344 4123825.889845 -0.402428 4
302540.780999 4123825.727030 -0.404832 4
302541.090259 4123825.546638 -0.405766 4
302541.361483 4123825.392366 -0.407688 4
302541.641960 4123825.232579 -0.407981 4
302541.936143 4123825.070776 -0.407333 4
302542.227276 4123824.909413 -0.409642 4
302542.510728 4123824.754878 -0.408782 4
302542.776277 4123824.615016 -0.404760 4
302543.046586 4123824.478202 -0.405996 4
302543.381109 4123824.290782 -0.399735 4
302543.680076 4123824.119414 -0.401497 4
302543.953057 4123823.954104 -0.402907 4
302544.234659 4123823.787212 -0.398905 4
302544.521120 4123823.629106 -0.398346 4
302544.793629 4123823.486623 -0.396102 4
302545.101181 4123823.311210 -0.395284 4
302545.409232 4123823.143033 -0.400955 4
302545.703461 4123822.994958 -0.393144 4
302545.994328 4123822.854073 -0.376291 4
302546.273784 4123822.731219 -0.353439 4
302546.566138 4123822.597016 -0.348898 4
302546.832453 4123822.458855 -0.348783 4
302547.119901 4123822.305262 -0.350422 4
302547.430951 4123822.152411 -0.348474 4
302547.719921 4123822.014658 -0.352757 4
302548.009328 4123821.849549 -0.365824 4
302548.284286 4123821.701882 -0.376812 4
302548.562600 4123821.560043 -0.377218 4
302548.864255 4123821.400605 -0.375662 4
302549.151898 4123821.255082 -0.379513 4
302549.417419 4123821.114895 -0.381225 4
302549.686249 4123820.972320 -0.384017 4
302549.946429 4123820.821813 -0.383209 4
