302536.973314 4123859.583164 -2.017079 4
302536.836414 4123859.309292 -2.011045 4
302536.671385 4123859.000078 -2.010288 4
302536.513038 4123858.717836 -2.010990 4
302536.355693 4123858.450047 -2.011958 4
302536.183681 4123858.163260 -2.010980 4
302536.038185 4123857.897604 -2.008889 4
302535.866612 4123857.596308 -2.008829 4
302535.704441 4123857.305602 -2.003376 4
302535.553576 4123857.023522 -2.003653 4
302535.397310 4123856.745562 -2.005197 4
302535.254460 4123856.467323 -2.002789 4
302535.106982 4123856.204017 -2.002741 4
302534.958093 4123855.941948 -2.002160 4
302534.794697 4123855.666500 -2.003209 4
302534.613582 4123855.374027 -2.006396 4
302534.466915 4123855.108035 -2.006512 4
302534.324720 4123854.835032 -2.002891 4
302534.155922 4123854.507279 -2.004320 4
302534.014531 4123854.240206 -2.004122 4
302533.872602 4123853.963254 -2.007174 4
302533.729971 4123853.681260 -2.007812 4
302533.583006 4123853.403510 -2.014667 4
302533.442160 4123853.134777 -2.016065 4
302533.289523 4123852.863275 -2.014501 4
302533.136840 4123852.598943 -2.014454 4
302532.957541 4123852.299388 -2.015571 4
302532.787570 4123851.999962 -2.018832 4
302532.625014 4123851.716207 -2.016595 4
302532.460502 4123851.443209 -2.014602 4
302532.301875 4123851.181481 -2.017520 4
302532.122590 4123850.879830 -2.015861 4
302531.949208 4123850.568729 -2.016102 4
302531.787987 4123850.294267 -2.015395 4
302531.635351 4123850.034362 -2.016138 4
302531.472624 4123849.750112 -2.014374 4
302531.291087 4123849.429967 -2.011844 4
302531.108234 4123849.101626 -2.010690 4
302530.939377 4123848.796368 -2.002475 4
302530.774982 4123848.492740 -1.997034 4
302530.611027 4123848.202653 -1.997132 4
302530.445609 4123847.897514 -1.994702 4
302530.285090 4123847.602162 -1.989824 4
302530.131980 4123847.309495 -1.982589 4
302529.985111 4123847.034577 -1.980203 4
302529.832595 4123846.753141 -1.980313 4
302529.685361 4123846.479774 -1.982450 4
302529.540620 4123846.208023 -1.985111 4
302529.387704 4123845.935613 -1.981167 4
302529.242440 4123845.669614 -1.979034 4
302529.091655 4123845.404491 -1.977469 4
302528.939928 4123845.122689 -1.973240 4
302528.797179 4123844.836923 -1.972618 4
302528.647857 4123844.564293 -1.967810 4
302528.504807 4123844.279298 -1.965858 4
302528.336974 4123843.958425 -1.968969 4
302528.167964 4123843.619827 -1.962677 4
302528.004380 4123843.293822 -1.966029 4
302527.832788 4123842.978280 -1.961470 4
302527.700709 4123842.692218 -1.963623 4
302527.536040 4123842.366724 -1.963115 4
302527.376259 4123842.062711 -1.964299 4
302527.189735 4123841.704753 -1.964451 4
302527.022787 4123841.380452 -1.965747 4
302526.853407 4123841.060973 -1.967987 4
302526.685232 4123840.760149 -1.973582 4
302526.517339 4123840.454282 -1.972582 4
302526.330585 4123840.127814 -1.973715 4
302526.136309 4123839.787582 -1.978580 4
302525.980840 4123839.519289 -1.982886 4
302525.793959 4123839.185480 -1.980615 4
302525.609623 4123838.849096 -1.984731 4
302525.467822 4123838.583044 -1.987674 4
302525.288884 4123838.251966 -1.989719 4
302525.134367 4123837.975919 -1.990097 4
302524.984631 4123837.697570 -1.992880 4
302524.804376 4123837.387245 -1.995220 4
302524.657108 4123837.106798 -1.995289 4
302524.491936 4123836.780912 -1.996808 4
302524.326539 4123836.462950 -1.995460 4
302524.168717 4123836.169463 -1.995339 4
302523.974902 4123835.808266 -1.995544 4
302523.803825 4123835.461111 -1.997890 4
302523.616707 4123835.137476 -1.997299 4
302523.453245 4123834.860705 -1.998382 4
302523.278120 4123834.568593 -1.997547 4
302523.109885 4123834.258769 -1.993758 4
302522.951332 4123833.989522 -1.984760 4
302522.776715 4123833.656649 -1.979836 4
302522.620070 4123833.388208 -1.979631 4
302522.455321 4123833.110679 -1.980151 4
302522.244046 4123832.789801 -1.998469 4
302522.089727 4123832.530968 -1.995707 4
302521.917545 4123832.238517 -2.002581 4
302521.744563 4123831.930134 -2.006883 4
302521.589073 4123831.669062 -2.008212 4
302521.406494 4123831.355724 -2.004318 4
302521.257310 4123831.093575 -2.003743 4
302521.081352 4123830.773962 -2.000277 4
302520.921837 4123830.504656 -1.999223 4
302520.768232 4123830.234540 -1.998163 4
302520.578271 4123829.907492 -1.994176 4
302520.393990 4123829.574107 -1.993024 4
302520.204653 4123829.241453 -1.994769 4
302520.026245 4123828.911092 -1.991930 4
302519.851886 4123828.591424 -1.992061 4
302519.673674 4123828.269356 -1.991244 4
302519.505684 4123827.968608 -1.990839 4
302519.354571 4123827.707217 -1.989475 4
302519.200411 4123827.439914 -1.987574 4
302519.024946 4123827.144108 -1.985538 4
302518.845462 4123826.842062 -1.983843 4
302518.677478 4123826.531224 -1.983400 4
302518.501924 4123826.214901 -1.983330 4
302518.356721 4123825.949902 -1.980807 4
302518.192823 4123825.661885 -1.982882 4
302518.021485 4123825.341791 -1.978079 4
302517.852770 4123825.021425 -1.977564 4
302517.685511 4123824.705140 -1.974636 4
302517.522239 4123824.398429 -1.976044 4
302517.355185 4123824.092297 -1.971685 4
302517.192026 4123823.795120 -1.972192 4
302517.026792 4123823.501367 -1.966272 4
302516.885931 4123823.225381 -1.968149 4
302516.750577 4123822.952972 -1.966180 4
302516.581299 4123822.635237 -1.970400 4
302516.417124 4123822.326148 -1.976937 4
302516.257444 4123822.031452 -1.976157 4
302516.112446 4123821.750836 -1.977610 4
302515.959831 4123821.472812 -1.979553 4
302515.798793 4123821.187169 -1.979859 4
302515.640113 4123820.904650 -1.979443 4
302515.471270 4123820.601692 -1.981090 4
302515.307165 4123820.314282 -1.984865 4
302515.148889 4123820.028790 -1.987048 4
302514.986948 4123819.739597 -1.990294 4
302514.824494 4123819.470012 -1.993862 4
302514.670337 4123819.207734 -1.994726 4
302514.499421 4123818.909141 -1.996057 4
302514.318337 4123818.597522 -1.997229 4
302514.154622 4123818.319419 -1.999260 4
302513.977458 4123818.018752 -2.001237 4
302513.811184 4123817.710615 -2.002404 4
302513.665053 4123817.441395 -2.001506 4
