302550.094449 4123821.051338 -0.455004 2
302550.372835 4123820.891309 -0.454185 2
302550.629436 4123820.734362 -0.452197 2
302550.914638 4123820.567033 -0.446661 2
302551.178131 4123820.407615 -0.446819 2
302551.458735 4123820.218169 -0.443271 2
302551.728533 4123820.045295 -0.437487 2
302552.006545 4123819.912066 -0.436808 2
302552.277848 4123819.778758 -0.433600 2
302552.561249 4123819.638254 -0.431821 2
302552.852551 4123819.480529 -0.430977 2
302553.143684 4123819.315305 -0.427265 2
302553.418512 4123819.149869 -0.425552 2
302553.681210 4123819.004081 -0.425007 2
302553.945169 4123818.850194 -0.417960 2
302554.205883 4123818.701774 -0.419059 2
302554.490986 4123818.559574 -0.415888 2
302554.759253 4123818.413761 -0.413517 2
302555.022623 4123818.252268 -0.412371 2
302555.281290 4123818.098113 -0.410893 2
302555.557126 4123817.949065 -0.408003 2
302555.830375 4123817.803737 -0.407675 2
302556.099287 4123817.647284 -0.408437 2
302556.402153 4123817.481989 -0.417571 2
302556.689710 4123817.338585 -0.418560 2
302556.969398 4123817.202942 -0.415474 2
302557.277843 4123817.029788 -0.418289 2
302557.568742 4123816.869074 -0.413223 2
302557.864628 4123816.692345 -0.413157 2
302558.132990 4123816.520249 -0.409280 2
302558.392934 4123816.353376 -0.415397 2
302558.655588 4123816.197997 -0.420882 2
302558.957012 4123816.047726 -0.424128 2
302559.264550 4123815.874832 -0.421522 2
302559.560118 4123815.728703 -0.422932 2
302559.831402 4123815.578899 -0.419034 2
302560.121878 4123815.424655 -0.419385 2
302560.384794 4123815.274825 -0.418227 2
302560.655425 4123815.120780 -0.411066 2
302560.916655 4123814.970908 -0.407219 2
302561.217801 4123814.811965 -0.393777 2
302561.493667 4123814.671086 -0.369762 2
302561.765507 4123814.531757 -0.359696 2
302562.083039 4123814.395582 -0.342539 2
302562.379021 4123814.278685 -0.331638 2
302562.660027 4123814.170107 -0.322229 2
302562.965932 4123814.059779 -0.308025 2
302563.268173 4123813.967736 -0.288071 2
302563.556908 4123813.857513 -0.272863 2
302563.853458 4123813.768512 -0.255778 2
302564.156813 4123813.669679 -0.236620 2
302564.469679 4123813.572513 -0.216942 2
302564.774893 4123813.487683 -0.187021 2
302565.109297 4123813.420203 -0.170222 2
302565.415134 4123813.367170 -0.145541 2
302565.713761 4123813.304269 -0.120186 2
302566.055122 4123813.258508 -0.088372 2
302566.394677 4123813.220689 -0.058641 2
302566.719193 4123813.218805 -0.034313 2
302567.049087 4123813.237726 -0.000876 2
302567.348487 4123813.257956 0.030766 2
302567.658551 4123813.268429 0.063387 2
302567.967571 4123813.303694 0.100817 2
302568.322280 4123813.352036 0.137437 2
302568.655404 4123813.386089 0.182950 2
302568.971556 4123813.451065 0.220294 2
302569.277853 4123813.503937 0.252737 2
302569.608935 4123813.576924 0.295664 2
302569.912183 4123813.660367 0.336321 2
302570.218748 4123813.770640 0.369007 2
302570.531902 4123813.898592 0.408017 2
302570.822079 4123814.038710 0.441201 2
302571.092392 4123814.180941 0.471719 2
302571.396525 4123814.359674 0.510785 2
302571.665509 4123814.515391 0.545647 2
302571.924860 4123814.678683 0.577428 2
302572.170732 4123814.851360 0.608163 2
302572.451350 4123815.067945 0.642607 2
302572.730296 4123815.272685 0.682491 2
302572.975252 4123815.465192 0.703637 2
302573.226316 4123815.667930 0.734492 2
302573.469241 4123815.868670 0.755162 2
302573.715325 4123816.070376 0.780976 2
302573.956548 4123816.294064 0.815804 2
302574.193607 4123816.549866 0.846719 2
302574.399166 4123816.776628 0.872708 2
302574.607448 4123817.030007 0.896368 2
302574.801569 4123817.264893 0.918247 2
302575.006211 4123817.496536 0.929930 2
302575.238757 4123817.771046 0.953665 2
302575.438072 4123818.014556 0.970196 2
302575.649731 4123818.240114 0.978741 2
302575.856468 4123818.490189 0.978290 2
302576.049933 4123818.742376 0.983306 2
302576.234098 4123818.998765 0.989689 2
302576.455168 4123819.287017 1.005178 2
302576.668950 4123819.560130 1.020636 2
302576.856881 4123819.809935 1.036800 2
302577.032676 4123820.089189 1.052292 2
302577.208624 4123820.363779 1.067574 2
302577.373617 4123820.662754 1.078641 2
302577.531898 4123820.942759 1.088998 2
302577.697710 4123821.204480 1.099632 2
302577.855729 4123821.465621 1.110171 2
302578.027359 4123821.757249 1.127262 2
302578.186490 4123822.013752 1.135450 2
302578.356311 4123822.293334 1.135990 2
302578.544755 4123822.582357 1.137229 2
302578.702704 4123822.860754 1.137320 2
302578.848765 4123823.130056 1.145592 2
302579.012334 4123823.441764 1.146808 2
302579.162073 4123823.735877 1.150281 2
302579.294889 4123824.009464 1.153266 2
302579.448164 4123824.312066 1.153426 2
302579.608777 4123824.595730 1.154207 2
302579.765185 4123824.865764 1.159178 2
302579.929907 4123825.141596 1.155599 2
302580.104283 4123825.426840 1.155275 2
302580.253003 4123825.701863 1.154436 2
302580.401791 4123825.980954 1.154258 2
302580.516964 4123826.258574 1.154065 2
302580.666020 4123826.532219 1.156887 2
302580.820297 4123826.809565 1.156318 2
302580.970132 4123827.080217 1.157397 2
