302542.792887 4123859.949170 1.144303 4
302542.937366 4123860.212778 1.146181 4
302543.070023 4123860.483824 1.145194 4
302543.208985 4123860.776140 1.144896 4
302543.367491 4123861.077968 1.145312 4
302543.554328 4123861.421406 1.143618 4
302543.715334 4123861.710886 1.145199 4
302543.870092 4123861.982264 1.145942 4
302544.041512 4123862.289076 1.148133 4
302544.205921 4123862.556274 1.147595 4
302544.373011 4123862.827642 1.148026 4
302544.552533 4123863.131585 1.150063 4
302544.713980 4123863.402217 1.149861 4
302544.887677 4123863.687258 1.149067 4
302545.065422 4123863.984602 1.150075 4
302545.250799 4123864.316887 1.153193 4
302545.396756 4123864.579840 1.155496 4
302545.566800 4123864.866300 1.148791 4
302545.723758 4123865.125693 1.144493 4
302545.884901 4123865.390241 1.140891 4
302546.056213 4123865.676992 1.139355 4
302546.215113 4123865.950839 1.138364 4
302546.369431 4123866.220027 1.137289 4
302546.550184 4123866.554125 1.146049 4
302546.709954 4123866.820602 1.144558 4
302546.888002 4123867.112227 1.149225 4
302547.054392 4123867.395749 1.149770 4
302547.208060 4123867.671687 1.152231 4
302547.351332 4123867.936945 1.152029 4
302547.499670 4123868.211432 1.151234 4
302547.643826 4123868.477960 1.156102 4
302547.797619 4123868.758846 1.158736 4
302547.945959 4123869.036424 1.157844 4
302548.140188 4123869.356515 1.160527 4
302548.305178 4123869.631502 1.163968 4
302548.468680 4123869.902574 1.163003 4
302548.657943 4123870.219136 1.167880 4
302548.822125 4123870.536762 1.171208 4
302549.002834 4123870.855468 1.173764 4
302549.150819 4123871.145538 1.171953 4
302549.317837 4123871.432222 1.171171 4
302549.469124 4123871.720482 1.170470 4
302549.625131 4123872.007362 1.173074 4
302549.770187 4123872.280135 1.174351 4
302549.948010 4123872.593311 1.173975 4
302550.109255 4123872.882300 1.172729 4
302550.270611 4123873.172914 1.173022 4
302550.433428 4123873.456500 1.175843 4
302550.593399 4123873.752877 1.177357 4
302550.755745 4123874.044471 1.178342 4
302550.914549 4123874.354406 1.177315 4
302551.095469 4123874.651078 1.162333 4
302551.258034 4123874.949410 1.164115 4
302551.420198 4123875.252645 1.160416 4
302551.583845 4123875.538702 1.158261 4
302551.760160 4123875.838200 1.156611 4
302551.937838 4123876.129946 1.153251 4
302552.117036 4123876.430825 1.149151 4
302552.302814 4123876.725293 1.142561 4
302552.461866 4123876.994769 1.136215 4
302552.652706 4123877.306542 1.132085 4
302552.808531 4123877.570994 1.132918 4
302552.983195 4123877.868423 1.134171 4
302553.151250 4123878.143325 1.130621 4
302553.320410 4123878.412808 1.129419 4
302553.492466 4123878.689537 1.129263 4
302553.661205 4123878.961634 1.128067 4
302553.828161 4123879.227237 1.127093 4
302553.992105 4123879.486204 1.127828 4
302554.205639 4123879.817852 1.126599 4
302554.400177 4123880.154214 1.131428 4
302554.594315 4123880.486829 1.137344 4
302554.746785 4123880.750895 1.140813 4
302554.918972 4123881.038926 1.145749 4
302555.098332 4123881.321060 1.145437 4
302555.279805 4123881.626581 1.153172 4
302555.454653 4123881.935358 1.160838 4
302555.632488 4123882.250030 1.164644 4
302555.804738 4123882.570140 1.167279 4
302555.958989 4123882.869272 1.169750 4
302556.122807 4123883.198137 1.172348 4
302556.290622 4123883.501751 1.174131 4
302556.462900 4123883.812488 1.180423 4
302556.630353 4123884.124817 1.183100 4
302556.813750 4123884.454862 1.186186 4
302556.997152 4123884.779282 1.188183 4
302557.148009 4123885.051133 1.188020 4
302557.311139 4123885.365346 1.188992 4
302557.460296 4123885.665052 1.190754 4
302557.596667 4123885.933028 1.190973 4
302557.753393 4123886.215209 1.189797 4
302557.952061 4123886.564297 1.195266 4
302558.102313 4123886.843075 1.198811 4
302558.278565 4123887.195131 1.197891 4
302558.417160 4123887.475903 1.199484 4
302558.575822 4123887.786752 1.200805 4
302558.734998 4123888.110163 1.202130 4
302558.884328 4123888.391437 1.204833 4
302559.033107 4123888.659655 1.206114 4
302559.189403 4123888.931979 1.206548 4
302559.363458 4123889.240542 1.206449 4
302559.530488 4123889.538460 1.206390 4
302559.680377 4123889.824516 1.207320 4
302559.823180 4123890.110006 1.208946 4
302559.960025 4123890.381718 1.210829 4
302560.122678 4123890.702572 1.211426 4
302560.291133 4123891.021371 1.211553 4
302560.453620 4123891.320980 1.211253 4
302560.621125 4123891.648950 1.212490 4
302560.768817 4123891.930899 1.211510 4
302560.928515 4123892.229616 1.209461 4
302561.078793 4123892.500750 1.211145 4
302561.228847 4123892.768148 1.209678 4
302561.415094 4123893.005029 1.209121 4
