302570.900897 4123870.091548 2.701226 3
302570.631459 4123870.237596 2.709427 3
302570.360597 4123870.379533 2.717273 3
302570.079678 4123870.534903 2.724842 3
302569.811934 4123870.684440 2.726226 3
302569.524087 4123870.841196 2.726321 3
302569.247975 4123870.986895 2.726199 3
302568.988349 4123871.143444 2.727828 3
302568.688844 4123871.302159 2.727349 3
302568.401440 4123871.468518 2.725983 3
302568.115387 4123871.631839 2.723742 3
302567.841881 4123871.804170 2.729662 3
302567.578329 4123871.975106 2.727607 3
302567.313844 4123872.131616 2.725387 3
302567.044414 4123872.298390 2.723488 3
302566.757313 4123872.470282 2.722946 3
302566.453439 4123872.637793 2.723487 3
302566.191704 4123872.787242 2.724342 3
302565.927220 4123872.935987 2.727081 3
302565.659614 4123873.082918 2.724924 3
302565.351723 4123873.253131 2.725759 3
302565.046434 4123873.418122 2.727857 3
302564.750101 4123873.569495 2.729899 3
302564.464502 4123873.725459 2.731074 3
302564.194786 4123873.873931 2.727690 3
302563.887740 4123874.050989 2.721771 3
302563.593144 4123874.202354 2.721623 3
302563.290614 4123874.372544 2.720899 3
302563.004430 4123874.543773 2.724115 3
302562.729136 4123874.704240 2.724256 3
302562.451959 4123874.861953 2.720190 3
302562.168381 4123875.030931 2.720158 3
302561.883041 4123875.200560 2.720058 3
302561.617253 4123875.365389 2.721011 3
302561.340740 4123875.535475 2.717923 3
302561.079912 4123875.693557 2.717541 3
302560.808310 4123875.844869 2.715169 3
302560.529831 4123876.008804 2.710050 3
302560.258493 4123876.158459 2.709393 3
302559.995338 4123876.318782 2.705373 3
302559.732222 4123876.483322 2.701871 3
302559.466575 4123876.645923 2.704737 3
302559.202546 4123876.827419 2.690783 3
302558.955098 4123877.019372 2.666118 3
302558.682766 4123877.247485 2.619155 3
302558.446271 4123877.446320 2.588962 3
302558.217763 4123877.643189 2.564471 3
302557.999353 4123877.867277 2.535875 3
302557.796742 4123878.116707 2.497179 3
302557.582768 4123878.393558 2.450118 3
302557.375294 4123878.643006 2.411024 3
302557.187701 4123878.896671 2.376298 3
302556.991743 4123879.193516 2.334516 3
302556.854381 4123879.518063 2.279908 3
302556.724486 4123879.839900 2.209200 3
302556.643040 4123880.165256 2.122943 3
302556.581057 4123880.459171 2.063805 3
302556.508242 4123880.794608 2.011896 3
302556.441258 4123881.093405 1.971609 3
302556.388490 4123881.438517 1.924472 3
302556.358756 4123881.785147 1.868954 3
302556.364983 4123882.090977 1.800279 3
302556.405409 4123882.404150 1.727363 3
302556.456643 4123882.730228 1.666698 3
302556.512564 4123883.042322 1.607753 3
302556.590841 4123883.370533 1.555225 3
302556.683614 4123883.690860 1.504343 3
302556.780652 4123883.978186 1.454104 3
302556.919237 4123884.305285 1.394877 3
302557.046606 4123884.597866 1.356987 3
302557.194392 4123884.898711 1.320305 3
302557.341552 4123885.187057 1.292311 3
302557.510115 4123885.468067 1.250479 3
302557.691098 4123885.753411 1.224869 3
302557.838399 4123886.022390 1.214380 3
302558.007781 4123886.322503 1.212030 3
302558.157359 4123886.603103 1.218214 3
302558.284981 4123886.892568 1.223846 3
302558.423309 4123887.181220 1.223094 3
302558.553968 4123887.464241 1.223950 3
302558.703332 4123887.752408 1.216222 3
302558.853335 4123888.038789 1.214778 3
302559.002676 4123888.321984 1.203461 3
302559.174159 4123888.587950 1.184107 3
302559.316995 4123888.858703 1.178869 3
302559.462552 4123889.136291 1.180828 3
302559.601500 4123889.416124 1.182732 3
302559.754807 4123889.700864 1.183232 3
302559.901569 4123889.971622 1.183492 3
302560.073678 4123890.288136 1.182299 3
302560.215840 4123890.566080 1.181865 3
302560.365218 4123890.835304 1.182640 3
302560.529169 4123891.143407 1.181978 3
302560.681237 4123891.417905 1.174684 3
302560.845589 4123891.706533 1.171385 3
302561.001665 4123891.983763 1.164295 3
302561.175482 4123892.261605 1.162676 3
302561.341612 4123892.532177 1.158488 3
