302560.320683 4123890.872875 1.204157 1
302560.451203 4123891.149875 1.232372 1
302560.620556 4123891.411120 1.234469 1
302560.788898 4123891.679741 1.233853 1
302560.947804 4123891.959424 1.234642 1
302561.090345 4123892.226873 1.236445 1
302561.229689 4123892.512055 1.239205 1
302561.370863 4123892.781600 1.234397 1
302561.528064 4123893.080126 1.236414 1
302561.688542 4123893.364376 1.235691 1
302561.847660 4123893.632110 1.235137 1
302562.010077 4123893.900574 1.234076 1
302562.177042 4123894.177205 1.234479 1
302562.333559 4123894.456535 1.229569 1
302562.502915 4123894.761252 1.224715 1
302562.635700 4123895.039368 1.224906 1
302562.788581 4123895.353430 1.224071 1
302562.932130 4123895.657841 1.225082 1
302563.082867 4123895.962670 1.224513 1
302563.224358 4123896.231695 1.226188 1
302563.394571 4123896.537465 1.225991 1
302563.568948 4123896.836373 1.226327 1
302563.717263 4123897.113108 1.226370 1
302563.888669 4123897.440904 1.224836 1
302564.071421 4123897.768595 1.226039 1
302564.254757 4123898.057632 1.221987 1
302564.435361 4123898.364115 1.222594 1
302564.608858 4123898.616479 1.224456 1
302564.785612 4123898.888844 1.222797 1
302564.960132 4123899.136032 1.225280 1
302565.134269 4123899.408981 1.225802 1
302565.308212 4123899.701029 1.230566 1
302565.464098 4123899.969844 1.231242 1
302565.627523 4123900.238612 1.232644 1
302565.798530 4123900.537759 1.234740 1
302565.949193 4123900.814070 1.235653 1
302566.091795 4123901.081420 1.236068 1
302566.245376 4123901.342945 1.237239 1
302566.427023 4123901.645206 1.236308 1
302566.580223 4123901.908846 1.237858 1
302566.729143 4123902.172980 1.238275 1
302566.879696 4123902.435938 1.241936 1
302567.019922 4123902.735955 1.250114 1
302567.194312 4123903.075492 1.254667 1
302567.349011 4123903.364530 1.253859 1
302567.497335 4123903.628624 1.255902 1
302567.645281 4123903.902724 1.252946 1
302567.822248 4123904.218955 1.253354 1
302567.966523 4123904.503409 1.254224 1
302568.126261 4123904.805408 1.253663 1
302568.287604 4123905.121294 1.255101 1
302568.419617 4123905.393419 1.254748 1
302568.556106 4123905.662110 1.257526 1
302568.708286 4123905.936351 1.252711 1
302568.849304 4123906.210156 1.252013 1
302569.003197 4123906.468992 1.249457 1
302569.159619 4123906.736933 1.251720 1
302569.319266 4123907.014692 1.245550 1
302569.474415 4123907.295816 1.240117 1
302569.632187 4123907.577078 1.232302 1
302569.789677 4123907.860946 1.226830 1
302569.937009 4123908.138997 1.218168 1
302570.086197 4123908.402005 1.213492 1
302570.271053 4123908.728207 1.205995 1
302570.440249 4123909.003579 1.202417 1
302570.617783 4123909.302273 1.202471 1
302570.804909 4123909.584050 1.201728 1
302570.983463 4123909.838790 1.202552 1
302571.165086 4123910.106521 1.203300 1
302571.337709 4123910.364099 1.202174 1
302571.519273 4123910.641890 1.200178 1
302571.710934 4123910.943987 1.200790 1
302571.884231 4123911.221880 1.199395 1
302572.052827 4123911.489557 1.198020 1
302572.215654 4123911.742397 1.198058 1
302572.391589 4123912.030414 1.195979 1
302572.569898 4123912.326606 1.197761 1
302572.739829 4123912.609532 1.197666 1
302572.903722 4123912.874250 1.195990 1
302573.099992 4123913.188427 1.195174 1
302573.276208 4123913.474015 1.198253 1
302573.435702 4123913.751825 1.213913 1
302573.600432 4123914.003486 1.213992 1
302573.781613 4123914.289115 1.212521 1
302573.952727 4123914.577222 1.215224 1
302574.111153 4123914.850573 1.216341 1
302574.290383 4123915.150666 1.216963 1
302574.448279 4123915.428673 1.218704 1
302574.612567 4123915.681108 1.220031 1
302574.781468 4123915.953131 1.220001 1
302574.955882 4123916.207485 1.219400 1
302575.122357 4123916.478784 1.221309 1
302575.279905 4123916.779142 1.227317 1
302575.415382 4123917.080805 1.227517 1
302575.580536 4123917.403107 1.227954 1
302575.716872 4123917.684933 1.226647 1
302575.853826 4123917.966330 1.229711 1
302575.996040 4123918.275035 1.231631 1
302576.150103 4123918.589337 1.228927 1
302576.286105 4123918.871511 1.231686 1
302576.468334 4123919.243491 1.232353 1
302576.643594 4123919.601466 1.232326 1
302576.808305 4123919.900136 1.233722 1
302576.964675 4123920.173319 1.236361 1
302577.119413 4123920.438045 1.236740 1
302577.306938 4123920.759731 1.243725 1
302577.474452 4123921.029301 1.245837 1
302577.640699 4123921.308614 1.249530 1
302577.801414 4123921.564955 1.250584 1
302577.968978 4123921.850236 1.251415 1
302578.129869 4123922.117463 1.252512 1
302578.311895 4123922.412009 1.252205 1
302578.488530 4123922.697259 1.254340 1
302578.651029 4123922.973496 1.256063 1
302578.805413 4123923.235209 1.255254 1
302578.973762 4123923.540517 1.262644 1
302579.118515 4123923.840085 1.263981 1
302579.270228 4123924.131381 1.265497 1
302579.414825 4123924.413181 1.264415 1
302579.542969 4123924.688999 1.266739 1
302579.689073 4123924.956588 1.270122 1
302579.822456 4123925.235411 1.272260 1
302579.957696 4123925.540947 1.272836 1
302580.084120 4123925.821282 1.273449 1
302580.229589 4123926.122790 1.271969 1
302580.355919 4123926.395188 1.273482 1
302580.504848 4123926.661919 1.271608 1
302580.671812 4123926.934330 1.270211 1
302580.828619 4123927.195859 1.266725 1
302580.987629 4123927.457293 1.263200 1
302581.134355 4123927.719707 1.263465 1
302581.314364 4123928.013454 1.263223 1
302581.462970 4123928.316694 1.261708 1
302581.623365 4123928.577951 1.261187 1
302581.795739 4123928.892529 1.260244 1
302581.948308 4123929.180111 1.258786 1
302582.102739 4123929.457525 1.258694 1
302582.267217 4123929.749582 1.257144 1
302582.429759 4123930.034556 1.255497 1
302582.590375 4123930.359316 1.256730 1
302582.734544 4123930.631512 1.255897 1
302582.897220 4123930.926287 1.256826 1
302583.052680 4123931.211936 1.259102 1
302583.197592 4123931.522757 1.257594 1
302583.360818 4123931.849947 1.257921 1
302583.490643 4123932.126319 1.257084 1
302583.652152 4123932.458102 1.256081 1
302583.798678 4123932.743861 1.246288 1
302583.959915 4123933.050241 1.243421 1
302584.148096 4123933.351039 1.243442 1
302584.331919 4123933.628915 1.240132 1
302584.518819 4123933.934094 1.243684 1
302584.679400 4123934.238514 1.244248 1
302584.837787 4123934.532904 1.242460 1
302584.995915 4123934.821329 1.244543 1
302585.145864 4123935.081215 1.241071 1
302585.307059 4123935.349114 1.237496 1
302585.476142 4123935.610936 1.237751 1
302585.655385 4123935.894062 1.236650 1
302585.814434 4123936.197653 1.236671 1
302585.950624 4123936.481180 1.235294 1
302586.087475 4123936.761277 1.234626 1
302586.232948 4123937.033202 1.236219 1
302586.379529 4123937.306992 1.236097 1
302586.549440 4123937.577109 1.236079 1
302586.703506 4123937.840142 1.250697 1
302586.843018 4123938.108476 1.267408 1
302587.018386 4123938.413956 1.274118 1
302587.181539 4123938.679317 1.274591 1
302587.356921 4123938.948990 1.277131 1
302587.528064 4123939.229525 1.278710 1
302587.692123 4123939.481801 1.280132 1
302587.863004 4123939.763971 1.282342 1
302588.017762 4123940.047222 1.286539 1
302588.166661 4123940.325748 1.288021 1
302588.312247 4123940.602835 1.288104 1
302588.468707 4123940.871936 1.287883 1
302588.620507 4123941.146169 1.293844 1
302588.730023 4123941.427725 1.309048 1
302588.862668 4123941.734002 1.318555 1
302589.018430 4123942.063885 1.322200 1
302589.166030 4123942.353485 1.325195 1
302589.282752 4123942.647197 1.326218 1
302589.405609 4123942.984079 1.325544 1
302589.511206 4123943.268532 1.324961 1
302589.635999 4123943.585671 1.325852 1
302589.752333 4123943.892118 1.326041 1
302589.865200 4123944.182727 1.323754 1
302589.972513 4123944.480680 1.326157 1
302590.093027 4123944.763679 1.328256 1
302590.209171 4123945.054562 1.328078 1
302590.327525 4123945.338477 1.327449 1
302590.478072 4123945.669641 1.328013 1
302590.622731 4123945.966656 1.327342 1
302590.761434 4123946.246576 1.329810 1
302590.914147 4123946.527579 1.329313 1
302591.082110 4123946.859845 1.329876 1
302591.228635 4123947.137068 1.329145 1
302591.391369 4123947.431547 1.331435 1
302591.543839 4123947.717655 1.332596 1
302591.686549 4123947.990584 1.332572 1
302591.852708 4123948.300915 1.332743 1
302591.999459 4123948.594647 1.337987 1
302592.138530 4123948.878030 1.340161 1
302592.256275 4123949.169990 1.341123 1
302592.385446 4123949.485984 1.338985 1
302592.504648 4123949.763005 1.341829 1
302592.640378 4123950.060461 1.348360 1
302592.762808 4123950.334352 1.353499 1
302592.870880 4123950.627497 1.362883 1
302592.974693 4123950.943503 1.373200 1
302593.076609 4123951.247581 1.380372 1
302593.178294 4123951.547835 1.383150 1
302593.284208 4123951.860995 1.386781 1
302593.375283 4123952.192072 1.391541 1
302593.471711 4123952.498930 1.398474 1
302593.564541 4123952.838573 1.411286 1
302593.664446 4123953.190163 1.422905 1
302593.761129 4123953.521087 1.432517 1
302593.859705 4123953.846244 1.439538 1
302593.969886 4123954.159244 1.439652 1
302594.082900 4123954.462347 1.440571 1
302594.198363 4123954.768465 1.440515 1
302594.303104 4123955.051423 1.442154 1
302594.399464 4123955.356229 1.442251 1
302594.523037 4123955.687374 1.443594 1
302594.641528 4123955.998041 1.443140 1
302594.762336 4123956.308066 1.445573 1
302594.876945 4123956.608070 1.449214 1
302594.983866 4123956.909175 1.452955 1
302595.101462 4123957.210398 1.456936 1
302595.205869 4123957.507952 1.458806 1
302595.327795 4123957.859731 1.460056 1
302595.444120 4123958.212146 1.462636 1
302595.553229 4123958.526878 1.461048 1
302595.630389 4123958.826976 1.460534 1
302595.721269 4123959.146842 1.460076 1
302595.812607 4123959.461974 1.462293 1
302595.903056 4123959.755571 1.464354 1
302595.999191 4123960.054574 1.465082 1
302596.099741 4123960.391566 1.464837 1
302596.206313 4123960.748278 1.465194 1
302596.294355 4123961.036586 1.465326 1
302596.393738 4123961.357660 1.467523 1
302596.510735 4123961.699207 1.469316 1
302596.614384 4123961.989800 1.472159 1
302596.707605 4123962.312676 1.470933 1
302596.800914 4123962.610579 1.469111 1
302596.887966 4123962.909557 1.477212 1
302596.991236 4123963.191920 1.479896 1
302597.076705 4123963.495153 1.482832 1
302597.186787 4123963.820479 1.485918 1
302597.271963 4123964.121351 1.488025 1
302597.362340 4123964.414956 1.488938 1
302597.452907 4123964.713002 1.491852 1
302597.538539 4123965.034678 1.493562 1
302597.630229 4123965.338305 1.494765 1
302597.717658 4123965.660634 1.499196 1
302597.785356 4123965.962563 1.507542 1
302597.860572 4123966.303970 1.518432 1
302597.932254 4123966.630151 1.526007 1
302597.992178 4123966.943767 1.529942 1
302598.048873 4123967.260635 1.531426 1
302598.113434 4123967.594198 1.536704 1
302598.167958 4123967.900684 1.542688 1
302598.222094 4123968.201155 1.544750 1
302598.273805 4123968.501979 1.547123 1
302598.337113 4123968.810802 1.549453 1
302598.392881 4123969.114530 1.552183 1
302598.468285 4123969.460485 1.554000 1
302598.538641 4123969.790611 1.556726 1
302598.609872 4123970.123490 1.558809 1
302598.677548 4123970.456238 1.565189 1
302598.738483 4123970.778777 1.578973 1
302598.790011 4123971.092769 1.596110 1
302598.834917 4123971.408191 1.614178 1
302598.879117 4123971.710089 1.628593 1
302598.927189 4123972.060134 1.643640 1
302598.988930 4123972.404022 1.651021 1
302599.036538 4123972.722677 1.653392 1
302599.083206 4123973.044625 1.655126 1
302599.130419 4123973.352335 1.656263 1
302599.181925 4123973.679805 1.657481 1
302599.199336 4123973.998066 1.657949 1
302599.225869 4123974.303419 1.658635 1
302599.258031 4123974.617443 1.660514 1
302599.300322 4123974.960193 1.661508 1
302599.329017 4123975.278640 1.661108 1
302599.355540 4123975.587801 1.672405 1
302599.385780 4123975.907377 1.679737 1
302599.422638 4123976.211103 1.683870 1
302599.442440 4123976.532502 1.684302 1
302599.458279 4123976.854643 1.685848 1
302599.473778 4123977.172990 1.685371 1
302599.466412 4123977.487648 1.685760 1
302599.452481 4123977.838886 1.696079 1
302599.461630 4123978.162239 1.698810 1
302599.471229 4123978.466039 1.700551 1
302599.491637 4123978.797959 1.702643 1
302599.520719 4123979.109988 1.704676 1
302599.551462 4123979.440907 1.709202 1
302599.600264 4123979.755099 1.711867 1
302599.646097 4123980.051894 1.712176 1
302599.712447 4123980.364630 1.712003 1
302599.756069 4123980.681887 1.714517 1
302599.787558 4123980.981329 1.716311 1
302599.810975 4123981.308824 1.717328 1
302599.806973 4123981.615818 1.716584 1
302599.806095 4123981.937185 1.718973 1
302599.792718 4123982.248625 1.716940 1
302599.786822 4123982.551511 1.719013 1
302599.793563 4123982.870897 1.719604 1
302599.796612 4123983.198526 1.720867 1
302599.826472 4123983.518747 1.723493 1
302599.862928 4123983.821093 1.722912 1
302599.870711 4123984.154409 1.724832 1
302599.882867 4123984.488530 1.725275 1
302599.900579 4123984.795484 1.726039 1
302599.940781 4123985.110204 1.727401 1
302599.921577 4123985.413107 1.730092 1
302599.936325 4123985.714907 1.730830 1
