302543.027446 4123824.478283 -0.446832 0
302543.315691 4123824.333281 -0.442928 0
302543.590699 4123824.178142 -0.442372 0
302543.847597 4123824.017834 -0.440051 0
302544.131643 4123823.865571 -0.441409 0
302544.423172 4123823.715911 -0.439860 0
302544.690968 4123823.567673 -0.438280 0
302544.956390 4123823.413437 -0.433246 0
302545.229456 4123823.269715 -0.429395 0
302545.500172 4123823.108842 -0.429026 0
302545.780702 4123822.944700 -0.429603 0
302546.054950 4123822.785933 -0.426182 0
302546.351686 4123822.626498 -0.422543 0
302546.620047 4123822.488601 -0.421201 0
302546.914957 4123822.333389 -0.419583 0
302547.203202 4123822.188182 -0.418867 0
302547.516891 4123822.022449 -0.420929 0
302547.834760 4123821.857599 -0.417552 0
302548.123278 4123821.702042 -0.413717 0
302548.398388 4123821.551515 -0.418328 0
302548.675896 4123821.412120 -0.416613 0
302548.964271 4123821.262971 -0.412554 0
302549.258797 4123821.105435 -0.412115 0
302549.531836 4123820.966131 -0.411055 0
302549.810209 4123820.834516 -0.409494 0
302550.083083 4123820.708555 -0.406192 0
302550.381984 4123820.551500 -0.404638 0
302550.658487 4123820.419051 -0.403722 0
302550.947058 4123820.268090 -0.402699 0
302551.228982 4123820.114048 -0.399669 0
302551.527882 4123819.955992 -0.400604 0
302551.816616 4123819.812129 -0.400721 0
302552.103670 4123819.679837 -0.399526 0
302552.382070 4123819.529176 -0.398552 0
302552.659596 4123819.391360 -0.396414 0
