302538.127283 4123852.122527 1.151128 0
302538.002154 4123851.831738 1.150173 0
302538.121601 4123852.137183 1.138272 0
302538.284382 4123852.393361 1.120757 0
302538.456523 4123852.644732 1.111560 0
302538.623661 4123852.900750 1.109500 0
302538.804987 4123853.162979 1.100022 0
302538.960399 4123853.419861 1.095869 0
302539.124787 4123853.705432 1.088078 0
302539.275650 4123853.982138 1.087885 0
302539.467129 4123854.279674 1.074329 0
302539.657861 4123854.545618 1.065395 0
302539.834261 4123854.792566 1.074339 0
302540.005070 4123855.042911 1.082955 0
302540.189383 4123855.295742 1.085808 0
302540.349778 4123855.555757 1.085709 0
302540.510294 4123855.826845 1.089363 0
302540.669422 4123856.100512 1.089682 0
302540.830831 4123856.375425 1.094562 0
302541.002517 4123856.649475 1.097612 0
302541.154434 4123856.908795 1.102896 0
302541.304116 4123857.174975 1.110453 0
302541.455552 4123857.436841 1.111631 0
302541.605744 4123857.701831 1.116969 0
302541.759869 4123857.981710 1.119335 0
302541.918862 4123858.249291 1.121973 0
302542.080270 4123858.529328 1.123027 0
302542.252321 4123858.821753 1.125799 0
302542.408339 4123859.078623 1.128754 0
302542.561756 4123859.344416 1.129958 0
302542.717092 4123859.607867 1.132133 0
302542.868897 4123859.875872 1.135307 0
302543.018222 4123860.155229 1.139099 0
302543.167377 4123860.417703 1.140848 0
302543.316745 4123860.681476 1.144288 0
302543.470576 4123860.947999 1.144959 0
302543.628335 4123861.205229 1.144938 0
