302541.374420 4123867.048479 -1.904331 0
302541.241500 4123866.775632 -1.915329 0
302541.075784 4123866.515671 -1.948003 0
302540.918500 4123866.251200 -1.974422 0
302540.750116 4123865.990387 -1.984428 0
302540.586059 4123865.726758 -1.989703 0
302540.411134 4123865.468215 -2.005190 0
302540.258546 4123865.202956 -2.014048 0
302540.108876 4123864.933293 -2.012292 0
302539.956454 4123864.669491 -2.012134 0
302539.791035 4123864.418614 -2.011421 0
302539.612700 4123864.152980 -2.012231 0
302539.434443 4123863.874804 -2.012274 0
302539.276845 4123863.614132 -2.011695 0
302539.111111 4123863.348363 -2.008552 0
302538.963996 4123863.075883 -2.005179 0
302538.797785 4123862.795810 -2.003379 0
302538.644493 4123862.525686 -2.000442 0
302538.470196 4123862.252996 -1.998171 0
302538.316144 4123861.992765 -1.997731 0
302538.150895 4123861.723101 -1.996355 0
302537.991016 4123861.457010 -1.995320 0
302537.830206 4123861.184034 -1.991701 0
302537.682850 4123860.909458 -1.992401 0
302537.526693 4123860.620655 -1.989256 0
302537.363585 4123860.329349 -1.987905 0
302537.201138 4123860.064889 -1.986991 0
302537.040123 4123859.808972 -1.985316 0
302536.868054 4123859.529572 -1.983026 0
302536.713759 4123859.257871 -1.979941 0
302536.565810 4123858.989210 -1.978556 0
302536.409086 4123858.720236 -1.977930 0
302536.260552 4123858.438341 -1.976262 0
302536.111033 4123858.169410 -1.981095 0
302535.954014 4123857.891822 -1.984012 0
302535.779100 4123857.611249 -1.980261 0
