302559.588149 4123819.750490 2.689287 0
302559.309299 4123819.887224 2.691483 0
302559.040273 4123820.039755 2.690551 0
302558.767244 4123820.196390 2.693802 0
302558.500930 4123820.351524 2.689938 0
302558.232563 4123820.505009 2.692377 0
302557.964135 4123820.665285 2.689342 0
302557.687224 4123820.843622 2.692931 0
302557.420054 4123820.993673 2.685791 0
302557.116968 4123821.163149 2.691393 0
302556.817982 4123821.339673 2.688119 0
302556.519233 4123821.493442 2.688238 0
302556.255324 4123821.646275 2.689389 0
302555.997462 4123821.809085 2.685457 0
302555.737413 4123821.964507 2.687619 0
302555.465376 4123822.127720 2.692243 0
302555.195937 4123822.264138 2.696010 0
302554.914691 4123822.388697 2.708811 0
302554.617805 4123822.536332 2.707310 0
302554.303378 4123822.694077 2.710470 0
302553.992291 4123822.851773 2.713103 0
302553.714256 4123823.021115 2.714773 0
302553.428740 4123823.191502 2.716682 0
302553.136772 4123823.343592 2.718544 0
302552.839444 4123823.498260 2.722721 0
302552.557554 4123823.634588 2.726729 0
302552.237404 4123823.795151 2.724108 0
302551.945122 4123823.940448 2.725532 0
302551.665215 4123824.087579 2.729161 0
302551.382295 4123824.234115 2.726816 0
302551.064394 4123824.404657 2.725114 0
302550.750871 4123824.583419 2.722886 0
302550.486884 4123824.738561 2.726099 0
302550.221123 4123824.898377 2.725648 0
302549.934109 4123825.028506 2.726374 0
302549.645656 4123825.166074 2.726776 0
302549.375686 4123825.314817 2.729091 0
