302600.380042 4124057.394110 1.788805 0
302600.357804 4124057.694584 1.788068 0
302600.334487 4124058.019521 1.789610 0
302600.316842 4124058.319073 1.789607 0
302600.312522 4124058.621577 1.796862 0
302600.291657 4124058.957325 1.812590 0
302600.278864 4124059.275212 1.827652 0
302600.249985 4124059.576237 1.845946 0
302600.207064 4124059.877063 1.866286 0
302600.164017 4124060.194410 1.890724 0
302600.118099 4124060.500545 1.916825 0
302600.104469 4124060.820625 1.938188 0
302600.112731 4124061.145362 1.939192 0
302600.073881 4124061.522011 1.944850 0
302600.023537 4124061.830329 1.950020 0
302599.954650 4124062.162924 1.953517 0
302599.877903 4124062.507588 1.955269 0
302599.802915 4124062.864293 1.956184 0
302599.728617 4124063.185667 1.955969 0
302599.662053 4124063.509385 1.957123 0
302599.593697 4124063.855911 1.955945 0
302599.530061 4124064.189071 1.956200 0
302599.467147 4124064.514322 1.956277 0
302599.407649 4124064.844262 1.956863 0
302599.344662 4124065.182485 1.963628 0
302599.278594 4124065.507481 1.979409 0
302599.218517 4124065.805056 1.989815 0
302599.133384 4124066.110277 1.991860 0
302599.071855 4124066.404544 1.990931 0
302599.004498 4124066.714356 1.989979 0
302598.908423 4124067.016493 1.992309 0
302598.815597 4124067.308782 1.992755 0
302598.715950 4124067.632584 1.995475 0
302598.636257 4124067.955492 1.994652 0
302598.562178 4124068.281954 1.996377 0
302598.490168 4124068.583143 1.995484 0
302598.417097 4124068.924552 1.994789 0
302598.354967 4124069.219969 1.995285 0
302598.293387 4124069.528898 1.994452 0
302598.251898 4124069.833536 1.994568 0
302598.202054 4124070.145479 1.991221 0
302598.141295 4124070.487635 1.992448 0
302598.082707 4124070.809381 1.989959 0
302598.026129 4124071.118673 1.992248 0
302597.948193 4124071.459739 1.989492 0
302597.869311 4124071.766270 1.989406 0
302597.794573 4124072.075058 1.985588 0
302597.726269 4124072.387261 1.981472 0
302597.660948 4124072.690675 1.974805 0
302597.603915 4124072.990183 1.969007 0
302597.557496 4124073.333219 1.960878 0
302597.510611 4124073.656870 1.946814 0
302597.464847 4124073.958672 1.935994 0
302597.408337 4124074.293212 1.923299 0
302597.359827 4124074.628720 1.908798 0
302597.317893 4124074.938246 1.896324 0
302597.270942 4124075.306448 1.880044 0
302597.238759 4124075.651267 1.864457 0
302597.220475 4124075.975176 1.846904 0
302597.209148 4124076.282676 1.830847 0
302597.199259 4124076.585795 1.824989 0
302597.181433 4124076.918926 1.824118 0
302597.172341 4124077.257126 1.823064 0
302597.168142 4124077.591836 1.823433 0
302597.167746 4124077.924722 1.822008 0
302597.168981 4124078.238277 1.820983 0
302597.165427 4124078.542019 1.820164 0
302597.145037 4124078.870915 1.817501 0
302597.116121 4124079.198302 1.816274 0
302597.096513 4124079.534458 1.814121 0
302597.093486 4124079.847128 1.809284 0
302597.092786 4124080.193392 1.804868 0
302597.080504 4124080.540399 1.803858 0
302597.075541 4124080.859170 1.801151 0
302597.073535 4124081.194113 1.795600 0
302597.076940 4124081.539334 1.790871 0
302597.088241 4124081.853091 1.787492 0
302597.093902 4124082.178324 1.783256 0
302597.099299 4124082.504519 1.782837 0
302597.114181 4124082.826785 1.781022 0
302597.110749 4124083.132182 1.780255 0
302597.091228 4124083.446956 1.779842 0
302597.087520 4124083.759776 1.778340 0
302597.076792 4124084.072889 1.777944 0
302597.068226 4124084.407598 1.773489 0
302597.064366 4124084.738858 1.771359 0
302597.051308 4124085.065187 1.770370 0
302597.045371 4124085.393893 1.769125 0
302597.049164 4124085.709431 1.769365 0
302597.059364 4124086.043615 1.769101 0
302597.072414 4124086.370496 1.768962 0
302597.076149 4124086.681804 1.768563 0
302597.088115 4124086.985871 1.769882 0
302597.073916 4124087.301182 1.768170 0
302597.064014 4124087.637014 1.767989 0
302597.066541 4124087.956557 1.766773 0
302597.072769 4124088.261493 1.765492 0
302597.081367 4124088.585602 1.764248 0
302597.088587 4124088.888831 1.764703 0
302597.100449 4124089.206231 1.764915 0
302597.104194 4124089.545535 1.762626 0
302597.121382 4124089.848644 1.746312 0
302597.131045 4124090.151568 1.745075 0
302597.155988 4124090.467449 1.743230 0
302597.168168 4124090.768455 1.742866 0
302597.179822 4124091.072262 1.741469 0
302597.195007 4124091.374375 1.740115 0
