302560.171908 4123892.858244 1.254589 0
302560.308626 4123893.144568 1.254188 0
302560.430035 4123893.420387 1.254110 0
302560.574189 4123893.686649 1.256039 0
302560.725131 4123893.950372 1.257928 0
302560.876393 4123894.216068 1.257259 0
302561.032838 4123894.479333 1.255678 0
302561.164630 4123894.755689 1.256227 0
302561.314119 4123895.090552 1.255800 0
302561.457224 4123895.360712 1.255843 0
302561.607105 4123895.670458 1.255949 0
302561.747348 4123895.951758 1.255369 0
302561.914103 4123896.262127 1.257560 0
302562.078588 4123896.523327 1.256957 0
302562.237441 4123896.837311 1.253696 0
302562.425936 4123897.108156 1.243651 0
302562.611417 4123897.435976 1.242626 0
302562.817034 4123897.732232 1.239900 0
302563.008486 4123897.999703 1.240042 0
302563.189429 4123898.255026 1.242133 0
302563.365552 4123898.506253 1.241580 0
302563.539818 4123898.771291 1.241181 0
302563.692299 4123899.035017 1.241086 0
302563.860543 4123899.327934 1.241960 0
302564.036172 4123899.655755 1.247882 0
302564.220771 4123899.974804 1.249307 0
302564.385227 4123900.261745 1.253173 0
302564.553143 4123900.560591 1.254303 0
302564.709101 4123900.848136 1.259543 0
302564.847774 4123901.116265 1.264983 0
302564.984466 4123901.402542 1.278484 0
302565.130005 4123901.693257 1.284523 0
302565.301965 4123902.020276 1.284425 0
302565.470836 4123902.335491 1.287295 0
302565.615851 4123902.599889 1.288245 0
302565.784569 4123902.921608 1.287713 0
302565.919595 4123903.197290 1.285743 0
302566.060141 4123903.489113 1.287783 0
302566.204628 4123903.793078 1.281823 0
302566.355528 4123904.072862 1.272846 0
302566.506024 4123904.348973 1.274135 0
302566.654601 4123904.614588 1.273284 0
302566.807677 4123904.875533 1.269977 0
302566.961330 4123905.139239 1.274897 0
302567.120555 4123905.422196 1.279975 0
302567.288718 4123905.721797 1.291917 0
302567.448674 4123906.008262 1.296791 0
302567.620518 4123906.308999 1.298089 0
302567.776590 4123906.586029 1.299795 0
302567.919910 4123906.856334 1.298617 0
302568.076709 4123907.146220 1.297187 0
302568.228549 4123907.407681 1.298369 0
302568.379987 4123907.681918 1.298723 0
302568.544325 4123907.966245 1.297463 0
302568.677565 4123908.238092 1.297434 0
302568.817927 4123908.535528 1.298773 0
302568.959315 4123908.855885 1.299099 0
302569.090797 4123909.148502 1.299693 0
302569.207326 4123909.468655 1.301171 0
302569.329703 4123909.806882 1.301037 0
302569.473435 4123910.125039 1.303685 0
302569.605109 4123910.418877 1.303580 0
302569.741125 4123910.692947 1.303996 0
302569.921222 4123911.042531 1.301958 0
302570.092518 4123911.358572 1.297289 0
302570.274267 4123911.705408 1.296888 0
302570.445706 4123912.040956 1.294923 0
302570.624119 4123912.355509 1.296385 0
302570.786279 4123912.656097 1.293072 0
302570.938950 4123912.948700 1.291451 0
302571.098272 4123913.289574 1.288245 0
302571.230655 4123913.567478 1.287450 0
302571.367116 4123913.859471 1.287509 0
302571.507750 4123914.137437 1.288227 0
302571.679588 4123914.474939 1.286624 0
302571.858098 4123914.781601 1.288818 0
302572.027645 4123915.081098 1.291348 0
302572.184654 4123915.350799 1.298763 0
302572.362343 4123915.664935 1.297916 0
302572.537702 4123915.995173 1.299724 0
302572.687330 4123916.274075 1.293009 0
302572.825916 4123916.550630 1.288022 0
302572.972659 4123916.837320 1.286117 0
302573.120351 4123917.114239 1.285281 0
302573.279162 4123917.462979 1.286651 0
302573.405837 4123917.751639 1.280111 0
302573.567291 4123918.105629 1.283049 0
302573.743051 4123918.441014 1.283694 0
302573.909424 4123918.756298 1.282081 0
302574.075691 4123919.057268 1.282957 0
302574.234582 4123919.351593 1.281298 0
302574.389047 4123919.629617 1.282589 0
302574.529321 4123919.896548 1.288427 0
302574.708143 4123920.209760 1.289542 0
302574.880126 4123920.487927 1.289103 0
302575.040222 4123920.771125 1.289165 0
302575.221028 4123921.071966 1.290560 0
302575.391628 4123921.359320 1.293413 0
302575.562701 4123921.663406 1.295583 0
302575.712720 4123921.939280 1.293063 0
302575.860418 4123922.214735 1.293207 0
302576.163633 4123922.272667 1.295582 0
302576.580791 4123922.156992 1.297164 0
302576.961346 4123922.099108 1.299327 0
302577.301713 4123922.105005 1.298575 0
302577.612114 4123922.156166 1.299703 0
302577.902075 4123922.264896 1.302946 0
302578.207560 4123922.466802 1.302962 0
302578.433963 4123922.715044 1.301711 0
302578.664237 4123922.919987 1.301458 0
302578.839877 4123923.226626 1.300923 0
302578.682606 4123923.485938 1.302157 0
302578.619470 4123923.807060 1.301758 0
302578.557387 4123924.125847 1.301331 0
302578.339017 4123924.547345 1.302765 0
302578.301976 4123924.887111 1.304034 0
302578.158033 4123925.247381 1.303985 0
302578.066775 4123925.629115 1.304932 0
302578.009775 4123926.007020 1.306162 0
302577.995725 4123926.338441 1.307027 0
302577.995314 4123926.697895 1.307234 0
302578.010677 4123927.014880 1.308669 0
302578.055601 4123927.332435 1.311086 0
302578.498629 4123927.353763 1.312021 0
302578.888787 4123927.355039 1.312122 0
302579.263224 4123927.387110 1.312465 0
302579.603993 4123927.455581 1.316735 0
302579.914443 4123927.561726 1.328626 0
302580.218771 4123927.730347 1.345394 0
302580.515184 4123927.929085 1.354707 0
302580.768805 4123928.184838 1.358525 0
302580.992160 4123928.455387 1.359873 0
302581.158504 4123928.720832 1.360825 0
302581.314401 4123929.004670 1.360427 0
302581.454332 4123929.314713 1.360015 0
302581.597155 4123929.614872 1.358915 0
302581.729125 4123929.922307 1.358744 0
302581.865522 4123930.270514 1.354854 0
302582.003505 4123930.622670 1.353698 0
302582.108120 4123930.917300 1.349598 0
302582.238276 4123931.205773 1.349146 0
302582.366467 4123931.524377 1.348622 0
302582.490522 4123931.832055 1.349454 0
302582.611320 4123932.129228 1.347054 0
302582.732474 4123932.413751 1.345916 0
302582.853315 4123932.697012 1.345893 0
302583.006749 4123933.033050 1.347885 0
302583.134079 4123933.344835 1.347538 0
302583.268845 4123933.647720 1.344335 0
302583.396363 4123933.941839 1.343206 0
302583.521013 4123934.230291 1.347472 0
302583.645340 4123934.512247 1.347627 0
302583.573753 4123934.947482 1.345364 0
302583.472022 4123935.258972 1.345241 0
302583.378568 4123935.549788 1.347530 0
302583.303359 4123935.857190 1.347675 0
302583.238728 4123936.155504 1.347059 0
302583.183831 4123936.472169 1.349642 0
302583.138554 4123936.840137 1.350175 0
302583.099427 4123937.211386 1.352031 0
302583.042830 4123937.549330 1.352569 0
302583.028580 4123937.849041 1.351232 0
302583.027437 4123938.252093 1.350537 0
302583.061920 4123938.584845 1.349566 0
302583.139337 4123938.879787 1.349725 0
302583.243914 4123939.169726 1.350735 0
302583.365008 4123939.469558 1.352349 0
302583.498366 4123939.771170 1.351331 0
302583.642728 4123940.067132 1.352311 0
302583.797844 4123940.361905 1.354025 0
302583.947304 4123940.627624 1.355497 0
302584.097269 4123940.908579 1.360499 0
302584.262019 4123941.193966 1.360676 0
302584.433274 4123941.526726 1.363535 0
302584.552926 4123941.813441 1.363646 0
302584.669992 4123942.099530 1.365012 0
302584.809327 4123942.376083 1.366406 0
302584.928102 4123942.692328 1.368319 0
302585.057297 4123942.993856 1.366399 0
302585.173703 4123943.309530 1.368401 0
302585.302833 4123943.585537 1.369442 0
302585.425622 4123943.887874 1.371545 0
302585.587387 4123944.192531 1.372199 0
302585.744279 4123944.450874 1.369806 0
302585.940401 4123944.772927 1.369718 0
302586.101488 4123945.032953 1.370338 0
302586.274339 4123945.293043 1.371954 0
302586.446725 4123945.588749 1.372426 0
302586.591430 4123945.864541 1.374549 0
302586.709425 4123946.144346 1.376621 0
302586.829700 4123946.449451 1.379178 0
302586.934665 4123946.753140 1.379184 0
302587.049226 4123947.087943 1.381133 0
302587.164988 4123947.425714 1.379529 0
302587.285983 4123947.764477 1.381585 0
302587.412938 4123948.111978 1.385563 0
302587.543963 4123948.455961 1.386806 0
302587.664854 4123948.792527 1.388704 0
302587.793710 4123949.146247 1.392478 0
302587.920521 4123949.494480 1.392541 0
302588.055116 4123949.857052 1.393741 0
302588.183119 4123950.217158 1.391617 0
302588.305083 4123950.543364 1.393449 0
302588.423675 4123950.896715 1.400833 0
302588.540076 4123951.234311 1.403671 0
302588.650447 4123951.577011 1.406589 0
302588.758073 4123951.903411 1.409297 0
302588.872403 4123952.221560 1.412332 0
302588.983218 4123952.525890 1.416075 0
302589.097349 4123952.820324 1.418687 0
302589.209714 4123953.099207 1.421050 0
302589.339546 4123953.433876 1.423616 0
302589.465975 4123953.771510 1.429621 0
302589.567749 4123954.072357 1.433086 0
302589.658621 4123954.362783 1.434056 0
302589.756810 4123954.707426 1.442081 0
302589.845343 4123955.041492 1.451518 0
302589.936227 4123955.356069 1.457457 0
302590.012849 4123955.651041 1.467817 0
302590.091862 4123955.945807 1.476283 0
302590.175356 4123956.237761 1.485019 0
302590.259425 4123956.580204 1.489561 0
302590.353947 4123956.929064 1.491394 0
302590.437659 4123957.223122 1.489889 0
302590.522745 4123957.527633 1.492376 0
302590.610736 4123957.846237 1.490739 0
302590.696100 4123958.192132 1.492319 0
302590.786700 4123958.533488 1.492619 0
302590.880620 4123958.872020 1.494867 0
302590.978242 4123959.227530 1.495406 0
302591.076338 4123959.566171 1.494598 0
302591.167324 4123959.877004 1.497922 0
302591.251260 4123960.172411 1.508782 0
302591.334184 4123960.471932 1.520441 0
302591.416902 4123960.767119 1.521618 0
302591.528736 4123961.103929 1.519761 0
302591.650111 4123961.444549 1.508547 0
302591.753495 4123961.755849 1.502547 0
302591.858285 4123962.072781 1.502418 0
302591.948964 4123962.395232 1.502183 0
302592.041234 4123962.716965 1.500333 0
302592.120567 4123963.061681 1.498845 0
302592.197068 4123963.432478 1.501787 0
302592.283236 4123963.803006 1.489895 0
302592.358901 4123964.147279 1.487642 0
302592.437553 4123964.464750 1.486479 0
302592.520446 4123964.762601 1.483315 0
302592.626060 4123965.115016 1.483064 0
302592.734614 4123965.427083 1.483351 0
302592.831893 4123965.735533 1.485225 0
302592.954977 4123966.076600 1.485874 0
302593.057517 4123966.363827 1.485362 0
302593.155618 4123966.652002 1.485653 0
302593.259563 4123966.938827 1.487493 0
302593.360861 4123967.236683 1.490024 0
302593.458702 4123967.544998 1.494482 0
302593.556602 4123967.867804 1.496651 0
302593.633598 4123968.171853 1.497536 0
302593.718747 4123968.478621 1.497879 0
302593.802894 4123968.792396 1.501439 0
302593.862521 4123969.107062 1.504291 0
302593.933598 4123969.420386 1.510631 0
302594.007801 4123969.743332 1.515945 0
302594.075748 4123970.043944 1.522683 0
302594.154551 4123970.369797 1.528671 0
302594.224137 4123970.669130 1.534767 0
302594.288812 4123970.996125 1.542351 0
302594.352565 4123971.326209 1.553530 0
302594.417708 4123971.636975 1.563268 0
302594.482019 4123971.952547 1.569992 0
302594.546340 4123972.273144 1.579474 0
302594.608056 4123972.618098 1.586554 0
302594.671573 4123972.972593 1.597148 0
302594.717887 4123973.313663 1.603463 0
302594.740872 4123973.687713 1.613366 0
302594.790872 4123974.034671 1.623024 0
302594.844809 4123974.367492 1.630516 0
302594.884989 4123974.752741 1.645197 0
302594.916331 4123975.132221 1.652376 0
302594.943108 4123975.477756 1.658685 0
302594.975844 4123975.823196 1.666164 0
302595.006846 4123976.156817 1.676630 0
302595.032285 4123976.491961 1.689738 0
302595.058263 4123976.822449 1.698538 0
302595.095502 4123977.152511 1.697655 0
302595.136663 4123977.454128 1.698514 0
302595.198677 4123977.799300 1.686477 0
302595.243748 4123978.109477 1.687968 0
302595.284345 4123978.416489 1.685043 0
302595.327595 4123978.733036 1.683884 0
302595.369099 4123979.052956 1.682847 0
302595.417335 4123979.383028 1.679065 0
302595.454961 4123979.698594 1.678857 0
302595.495016 4123980.032217 1.678013 0
302595.532906 4123980.352841 1.677477 0
302595.568070 4123980.690640 1.677034 0
302595.580995 4123980.992807 1.674978 0
302595.590779 4123981.297645 1.675665 0
302595.605343 4123981.614643 1.677152 0
302595.638330 4123981.958574 1.678211 0
302595.670372 4123982.259945 1.675799 0
302595.711866 4123982.577332 1.676413 0
302595.758701 4123982.907943 1.676006 0
302595.807755 4123983.203908 1.674800 0
302595.847223 4123983.509396 1.674684 0
302595.885161 4123983.822746 1.687381 0
302595.907852 4123984.137947 1.699820 0
302595.939469 4123984.457105 1.701401 0
302595.955063 4123984.768638 1.701111 0
302595.972389 4123985.088038 1.701787 0
302595.984233 4123985.394353 1.702333 0
302595.995730 4123985.698503 1.701734 0
302595.980632 4123986.009735 1.706101 0
302595.959305 4123986.336361 1.705570 0
302595.934625 4123986.678952 1.707693 0
302595.930705 4123986.979356 1.708405 0
302595.966919 4123987.283123 1.707418 0
302596.117991 4123987.542563 1.706342 0
