302597.343465 4124014.794195 1.558440 0
302597.377980 4124015.109232 1.538993 0
302597.411997 4124015.441311 1.522579 0
302597.450203 4124015.743439 1.504130 0
302597.507753 4124016.039515 1.490447 0
302597.548866 4124016.338321 1.490007 0
302597.595182 4124016.638134 1.491919 0
302597.638732 4124016.962396 1.496208 0
302597.675595 4124017.297200 1.501662 0
302597.703244 4124017.608302 1.499104 0
302597.753534 4124017.933161 1.491469 0
302597.781769 4124018.265432 1.491517 0
302597.828423 4124018.594386 1.493443 0
302597.873598 4124018.895256 1.494949 0
302597.919759 4124019.232702 1.494568 0
302597.966953 4124019.598373 1.496891 0
302598.017671 4124019.923089 1.490659 0
302598.065449 4124020.240733 1.488582 0
302598.103682 4124020.555447 1.487425 0
302598.142420 4124020.870779 1.489017 0
302598.176040 4124021.185266 1.487977 0
302598.222944 4124021.515783 1.488230 0
302598.279205 4124021.840726 1.490701 0
302598.317296 4124022.170036 1.490758 0
302598.354949 4124022.489776 1.487124 0
302598.411411 4124022.821412 1.484118 0
302598.463871 4124023.129667 1.485693 0
302598.517608 4124023.437372 1.479564 0
302598.572092 4124023.738630 1.483936 0
302598.619218 4124024.059313 1.484051 0
302598.667909 4124024.393667 1.486859 0
302598.701193 4124024.699331 1.489607 0
302598.742619 4124025.000658 1.489681 0
302598.786883 4124025.328486 1.491705 0
302598.815725 4124025.643556 1.494954 0
302598.849148 4124025.986041 1.498043 0
302598.884265 4124026.332302 1.505025 0
302598.943404 4124026.640408 1.504373 0
302598.990517 4124026.972909 1.508619 0
302599.041531 4124027.282707 1.510479 0
302599.094370 4124027.605739 1.510710 0
302599.128676 4124027.909657 1.509975 0
302599.157456 4124028.214071 1.508624 0
302599.192111 4124028.545809 1.509982 0
302599.226932 4124028.853124 1.512184 0
302599.275469 4124029.190408 1.510948 0
302599.325175 4124029.500421 1.511314 0
302599.369247 4124029.817379 1.507751 0
302599.414681 4124030.130657 1.506439 0
302599.465311 4124030.475202 1.503586 0
302599.516286 4124030.800320 1.499523 0
302599.559915 4124031.100031 1.495764 0
302599.610851 4124031.441213 1.489007 0
302599.663345 4124031.736985 1.486424 0
302599.703129 4124032.079673 1.486776 0
302599.749717 4124032.386305 1.487904 0
302599.798067 4124032.707668 1.488266 0
302599.833859 4124033.033146 1.490492 0
302599.847265 4124033.348408 1.497039 0
302599.861695 4124033.673443 1.501279 0
302599.883242 4124033.991162 1.502211 0
302599.916194 4124034.353190 1.502365 0
302599.978040 4124034.681823 1.506055 0
302600.041140 4124034.976618 1.509102 0
302600.082649 4124035.275001 1.510369 0
302600.110277 4124035.581272 1.512065 0
302600.150726 4124035.916118 1.515399 0
302600.195020 4124036.227184 1.517926 0
302600.233154 4124036.527928 1.518921 0
302600.273385 4124036.858810 1.521762 0
302600.299421 4124037.189265 1.524938 0
302600.328981 4124037.498043 1.528428 0
302600.353059 4124037.828639 1.530594 0
302600.367078 4124038.143979 1.536817 0
302600.381335 4124038.480295 1.546174 0
302600.395219 4124038.817676 1.551367 0
302600.415927 4124039.139605 1.554977 0
302600.438030 4124039.472327 1.557514 0
302600.436113 4124039.779862 1.559695 0
302600.439917 4124040.106681 1.563030 0
302600.455503 4124040.408818 1.567893 0
302600.487472 4124040.736428 1.570613 0
302600.519183 4124041.038889 1.575515 0
302600.539995 4124041.351296 1.580383 0
302600.556704 4124041.667881 1.585809 0
302600.564397 4124041.986121 1.587898 0
302600.568881 4124042.293798 1.589299 0
302600.568982 4124042.618865 1.589292 0
302600.575537 4124042.920936 1.595295 0
