302589.061840 4123988.349970 -1.513138 0
302589.065642 4123988.032282 -1.537245 0
302589.050835 4123987.716624 -1.538497 0
302589.006766 4123987.394711 -1.539046 0
302588.973834 4123987.080073 -1.541466 0
302588.941721 4123986.758456 -1.543776 0
302588.904103 4123986.442428 -1.543743 0
302588.880759 4123986.123872 -1.543170 0
302588.857750 4123985.820649 -1.545238 0
302588.836435 4123985.518601 -1.545820 0
302588.834413 4123985.192301 -1.545853 0
302588.834153 4123984.859413 -1.546079 0
302588.825142 4123984.541439 -1.545184 0
302588.816362 4123984.234105 -1.546979 0
302588.806531 4123983.863522 -1.548988 0
302588.786896 4123983.553178 -1.550590 0
302588.764505 4123983.251623 -1.546399 0
302588.740693 4123982.879102 -1.544272 0
302588.694729 4123982.566214 -1.545462 0
302588.654369 4123982.211740 -1.545063 0
302588.614622 4123981.885667 -1.546820 0
302588.579499 4123981.565883 -1.547203 0
302588.550626 4123981.203339 -1.545884 0
302588.530894 4123980.900932 -1.548376 0
302588.512483 4123980.592737 -1.548537 0
302588.488084 4123980.218600 -1.552656 0
302588.457722 4123979.856989 -1.561386 0
302588.422980 4123979.500918 -1.564473 0
302588.384793 4123979.128307 -1.566908 0
302588.346057 4123978.793152 -1.569810 0
302588.315638 4123978.491943 -1.573396 0
302588.286495 4123978.189027 -1.574776 0
302588.264530 4123977.870107 -1.576505 0
302588.241763 4123977.560581 -1.578124 0
302588.208595 4123977.249620 -1.578977 0
302588.169604 4123976.942888 -1.580616 0
302588.127605 4123976.629436 -1.586739 0
302588.076184 4123976.316195 -1.593975 0
302588.020925 4123975.984788 -1.600244 0
302587.965768 4123975.673357 -1.601845 0
302587.917231 4123975.352759 -1.604770 0
302587.864666 4123975.028703 -1.608429 0
302587.820345 4123974.663047 -1.609594 0
302587.773799 4123974.309302 -1.612536 0
302587.730714 4123973.962634 -1.613925 0
302587.694869 4123973.614536 -1.615662 0
302587.651178 4123973.272370 -1.617702 0
302587.600712 4123972.941669 -1.623932 0
302587.551414 4123972.619964 -1.632923 0
302587.492192 4123972.282669 -1.647717 0
302587.428768 4123971.974684 -1.658816 0
302587.372660 4123971.674097 -1.663111 0
302587.309795 4123971.375715 -1.666859 0
302587.255636 4123971.042971 -1.668448 0
302587.201802 4123970.694095 -1.677137 0
302587.133611 4123970.333733 -1.686919 0
302587.056313 4123969.967644 -1.696063 0
302586.976921 4123969.613126 -1.707003 0
302586.902079 4123969.260959 -1.712499 0
302586.827513 4123968.910888 -1.715380 0
302586.745756 4123968.567680 -1.722200 0
302586.678535 4123968.274141 -1.728688 0
302586.595850 4123967.934498 -1.735903 0
302586.506904 4123967.605330 -1.745588 0
302586.415720 4123967.269395 -1.750505 0
302586.322755 4123966.954472 -1.753764 0
302586.220495 4123966.612895 -1.765549 0
302586.129098 4123966.279369 -1.769463 0
302586.036994 4123965.953630 -1.770027 0
302585.948462 4123965.645055 -1.771055 0
302585.863016 4123965.343329 -1.774153 0
302585.776682 4123965.048658 -1.776112 0
302585.676728 4123964.689331 -1.776651 0
302585.579849 4123964.348337 -1.777761 0
302585.487530 4123964.017498 -1.778757 0
302585.409025 4123963.711332 -1.780257 0
302585.318439 4123963.383435 -1.783673 0
302585.228802 4123963.038275 -1.786891 0
302585.150721 4123962.733775 -1.787223 0
302585.068031 4123962.424509 -1.787998 0
302584.984368 4123962.112809 -1.791064 0
302584.898057 4123961.792393 -1.792673 0
302584.809581 4123961.494169 -1.798705 0
302584.726033 4123961.180455 -1.802007 0
302584.632907 4123960.888769 -1.806326 0
302584.545821 4123960.598297 -1.809105 0
302584.430286 4123960.245172 -1.815172 0
302584.323960 4123959.912303 -1.818933 0
302584.214105 4123959.594003 -1.821651 0
302584.110679 4123959.294877 -1.824245 0
302584.011141 4123959.002943 -1.828639 0
302583.889120 4123958.646047 -1.831701 0
302583.775627 4123958.307785 -1.835149 0
302583.679322 4123958.022831 -1.838112 0
302583.583259 4123957.729195 -1.839878 0
302583.471238 4123957.428774 -1.843234 0
302583.355389 4123957.134395 -1.845229 0
302583.220998 4123956.795148 -1.845184 0
302583.106224 4123956.505466 -1.849010 0
302582.997474 4123956.222843 -1.850918 0
302582.884799 4123955.915827 -1.855880 0
302582.766954 4123955.610520 -1.857576 0
302582.645254 4123955.286953 -1.858795 0
302582.527673 4123954.942188 -1.858182 0
302582.420151 4123954.630760 -1.853747 0
302582.302912 4123954.309657 -1.854031 0
302582.195604 4123953.958283 -1.844622 0
302582.079281 4123953.624062 -1.846342 0
302581.965723 4123953.308938 -1.848320 0
302581.856034 4123953.022176 -1.846280 0
302581.750808 4123952.730966 -1.849442 0
302581.645109 4123952.443432 -1.849319 0
302581.544741 4123952.154544 -1.844988 0
302581.442571 4123951.858621 -1.844858 0
302581.329007 4123951.554529 -1.844726 0
302581.220696 4123951.269207 -1.844682 0
302581.088441 4123950.948757 -1.846700 0
302580.962503 4123950.632698 -1.843839 0
302580.832608 4123950.345812 -1.846870 0
302580.707528 4123950.054137 -1.844913 0
302580.602192 4123949.755173 -1.845039 0
302580.481116 4123949.423737 -1.845510 0
302580.364518 4123949.097959 -1.847415 0
302580.258691 4123948.787093 -1.847835 0
302580.149707 4123948.488308 -1.849643 0
302580.019982 4123948.166220 -1.853938 0
302579.916233 4123947.845627 -1.863061 0
302579.807052 4123947.531696 -1.876321 0
302579.678399 4123947.222019 -1.883553 0
302579.585415 4123946.930338 -1.890321 0
302579.459202 4123946.595190 -1.898354 0
302579.336244 4123946.262863 -1.901591 0
302579.213355 4123945.945001 -1.904173 0
302579.098834 4123945.642052 -1.905106 0
302578.982235 4123945.322625 -1.906972 0
302578.850886 4123944.985801 -1.908953 0
302578.724432 4123944.650387 -1.908607 0
302578.591416 4123944.304602 -1.910183 0
302578.461192 4123943.957149 -1.912593 0
302578.330157 4123943.617436 -1.916650 0
302578.208503 4123943.338491 -1.919436 0
302578.083567 4123943.032075 -1.921622 0
302577.939114 4123942.678996 -1.921545 0
302577.790469 4123942.313973 -1.925767 0
302577.659641 4123941.974933 -1.926845 0
302577.522347 4123941.615824 -1.931176 0
302577.390719 4123941.300310 -1.927505 0
302577.273616 4123941.018431 -1.930925 0
302577.140717 4123940.703384 -1.931151 0
302577.010653 4123940.395719 -1.931734 0
302576.877894 4123940.094375 -1.932231 0
302576.750670 4123939.805239 -1.935639 0
302576.590256 4123939.440914 -1.934008 0
302576.432005 4123939.087781 -1.942661 0
302576.280244 4123938.750764 -1.942754 0
302576.147905 4123938.452252 -1.941749 0
302576.015772 4123938.174387 -1.945172 0
302575.882929 4123937.902923 -1.946088 0
302575.732104 4123937.567949 -1.945410 0
302575.584912 4123937.254486 -1.948398 0
302575.441686 4123936.968317 -1.948487 0
302575.304717 4123936.693607 -1.949686 0
302575.151363 4123936.391154 -1.953737 0
302575.008288 4123936.121009 -1.953668 0
302574.861261 4123935.823885 -1.955287 0
302574.715625 4123935.516191 -1.956950 0
302574.584155 4123935.232816 -1.957899 0
302574.446194 4123934.950516 -1.958690 0
302574.304214 4123934.668884 -1.959332 0
302574.180783 4123934.385339 -1.960594 0
302574.041139 4123934.048070 -1.961491 0
302573.887214 4123933.676410 -1.960177 0
302573.743244 4123933.336275 -1.961957 0
302573.616041 4123933.044055 -1.962881 0
302573.472145 4123932.709061 -1.960835 0
302573.346300 4123932.423921 -1.958028 0
302573.220024 4123932.095458 -1.949851 0
302573.082282 4123931.789420 -1.952795 0
302572.924793 4123931.439784 -1.952952 0
302572.766303 4123931.119823 -1.957062 0
302572.599739 4123930.834777 -1.976256 0
302572.470787 4123930.556130 -1.979063 0
302572.304479 4123930.205451 -1.978637 0
302572.158423 4123929.894829 -1.965614 0
302572.001160 4123929.568964 -1.962758 0
302571.851924 4123929.276294 -1.961101 0
302571.701834 4123928.981562 -1.959708 0
302571.555229 4123928.700936 -1.958159 0
302571.412664 4123928.404165 -1.959864 0
302571.278402 4123928.129564 -1.958016 0
302571.138571 4123927.835258 -1.956452 0
302571.000469 4123927.550903 -1.958026 0
302570.870138 4123927.280182 -1.956543 0
302570.720836 4123926.966317 -1.956903 0
302570.574024 4123926.677711 -1.955157 0
302570.433701 4123926.395131 -1.959289 0
302570.304182 4123926.120374 -1.959964 0
302570.166557 4123925.818029 -1.959830 0
302570.039688 4123925.529772 -1.961427 0
302569.909267 4123925.234584 -1.962524 0
302569.794507 4123924.948309 -1.961727 0
302569.670331 4123924.662990 -1.962129 0
302569.527823 4123924.345864 -1.961125 0
302569.391545 4123924.036729 -1.961458 0
302569.264277 4123923.727837 -1.962230 0
302569.136683 4123923.428900 -1.963107 0
302569.003522 4123923.111255 -1.963854 0
302568.865306 4123922.781074 -1.963509 0
302568.733587 4123922.498956 -1.963567 0
302568.610119 4123922.220954 -1.963955 0
302568.476199 4123921.927107 -1.965751 0
302568.333859 4123921.647913 -1.977165 0
302568.166708 4123921.346593 -1.989312 0
302568.000119 4123921.024402 -1.993455 0
302567.847201 4123920.701647 -1.995671 0
302567.704762 4123920.409258 -1.998772 0
302567.538536 4123920.109312 -2.002655 0
302567.357822 4123919.796422 -2.002480 0
302567.196443 4123919.528998 -2.005557 0
302567.038952 4123919.252131 -2.005710 0
302566.886808 4123918.969577 -2.007107 0
302566.746367 4123918.693923 -2.006125 0
302566.607909 4123918.418450 -2.007393 0
302566.470008 4123918.150873 -2.009832 0
302566.332934 4123917.871226 -2.009820 0
302566.195325 4123917.598451 -2.010038 0
302566.033697 4123917.276983 -2.010049 0
302565.888833 4123916.964709 -2.011834 0
302565.759418 4123916.679149 -2.015374 0
302565.622450 4123916.396265 -2.018776 0
302565.474449 4123916.093202 -2.019811 0
302565.305295 4123915.751880 -2.021966 0
302565.171069 4123915.476683 -2.023185 0
302565.012526 4123915.162105 -2.025830 0
302564.849881 4123914.861629 -2.028248 0
302564.687516 4123914.567285 -2.026566 0
302564.534004 4123914.288907 -2.028545 0
302564.365704 4123913.974979 -2.030453 0
302564.225736 4123913.703151 -2.029585 0
302564.078033 4123913.410955 -2.029370 0
302563.934332 4123913.127408 -2.029413 0
302563.785359 4123912.855099 -2.029432 0
302563.641576 4123912.587196 -2.029931 0
302563.481095 4123912.276876 -2.025600 0
302563.326351 4123911.972354 -2.021291 0
302563.169722 4123911.685534 -2.020768 0
302563.012054 4123911.387070 -2.020235 0
302562.851477 4123911.083824 -2.020861 0
302562.705848 4123910.816974 -2.023695 0
302562.565428 4123910.545930 -2.025418 0
302562.414824 4123910.257902 -2.026330 0
302562.275633 4123909.988372 -2.026255 0
302562.152457 4123909.700839 -2.026550 0
302562.016240 4123909.409341 -2.026267 0
302561.878760 4123909.119646 -2.027440 0
302561.745464 4123908.840257 -2.028436 0
302561.613205 4123908.567664 -2.026770 0
302561.473081 4123908.284895 -2.027425 0
302561.335784 4123907.999580 -2.027285 0
302561.185736 4123907.683469 -2.029302 0
302561.030312 4123907.391674 -2.028228 0
302560.884289 4123907.117059 -2.029037 0
302560.742475 4123906.841117 -2.029536 0
302560.599567 4123906.549030 -2.028385 0
302560.453188 4123906.243287 -2.027391 0
302560.303546 4123905.951479 -2.027234 0
302560.157492 4123905.647761 -2.027643 0
302560.015222 4123905.377134 -2.028781 0
302559.868802 4123905.110584 -2.028219 0
302559.719343 4123904.833009 -2.026806 0
302559.567150 4123904.546982 -2.027008 0
302559.423353 4123904.280203 -2.025664 0
302559.265804 4123903.991600 -2.025553 0
302559.124473 4123903.723768 -2.024776 0
302558.968823 4123903.432963 -2.033995 0
302558.835440 4123903.153115 -2.033656 0
302558.685129 4123902.872963 -2.040412 0
302558.545920 4123902.582281 -2.043352 0
302558.417286 4123902.291551 -2.044692 0
302558.270992 4123902.002294 -2.041680 0
302558.116601 4123901.734589 -2.037780 0
302557.966354 4123901.436756 -2.038660 0
302557.815754 4123901.163377 -2.039299 0
302557.657936 4123900.880942 -2.038864 0
302557.514362 4123900.610534 -2.041510 0
302557.371246 4123900.326817 -2.044003 0
302557.215143 4123900.045370 -2.043883 0
302557.056160 4123899.786057 -2.044554 0
302556.899454 4123899.527805 -2.042568 0
302556.739578 4123899.251343 -2.043580 0
302556.584724 4123898.978507 -2.045008 0
302556.434406 4123898.718418 -2.045609 0
