302575.046902 4124132.630216 -2.993457 0
302574.722921 4124132.552563 -2.947116 0
302574.425921 4124132.499482 -2.913181 0
302574.128992 4124132.432106 -2.867491 0
302573.825869 4124132.337647 -2.821428 0
302573.545067 4124132.211661 -2.767930 0
302573.270586 4124132.087730 -2.727598 0
302572.993320 4124131.961472 -2.688851 0
302572.659877 4124131.812171 -2.663305 0
302572.389610 4124131.679369 -2.642383 0
302572.110241 4124131.528568 -2.621458 0
302571.841567 4124131.384538 -2.596846 0
302571.558834 4124131.245006 -2.589499 0
302571.274590 4124131.106431 -2.586814 0
302570.955024 4124130.958961 -2.586163 0
302570.669267 4124130.826600 -2.582465 0
302570.384609 4124130.686742 -2.576888 0
302570.103175 4124130.547843 -2.579176 0
302569.810829 4124130.412175 -2.581285 0
302569.494667 4124130.281558 -2.594477 0
302569.208194 4124130.178753 -2.603992 0
302568.923495 4124130.068585 -2.604479 0
302568.637618 4124129.954328 -2.602702 0
302568.332641 4124129.835958 -2.604592 0
302568.038255 4124129.724127 -2.612346 0
302567.755536 4124129.616921 -2.628184 0
302567.456351 4124129.512532 -2.648009 0
302567.116366 4124129.397507 -2.665545 0
302566.823014 4124129.310431 -2.688168 0
302566.519465 4124129.225614 -2.703412 0
302566.204473 4124129.135715 -2.720743 0
302565.865500 4124129.051478 -2.726567 0
302565.552530 4124128.974184 -2.734182 0
302565.249906 4124128.926758 -2.756670 0
302564.912444 4124128.876386 -2.785217 0
302564.582023 4124128.839867 -2.817155 0
302564.280607 4124128.795568 -2.829635 0
302563.941772 4124128.727265 -2.842896 0
302563.636186 4124128.675682 -2.848571 0
302563.267134 4124128.621251 -2.860141 0
302562.949305 4124128.563575 -2.867997 0
302562.639073 4124128.523318 -2.881016 0
302562.287495 4124128.488055 -2.895484 0
302561.936577 4124128.489167 -2.922291 0
302561.610703 4124128.492166 -2.942807 0
302561.298581 4124128.490118 -2.949524 0
302560.947062 4124128.483059 -2.952318 0
302560.639897 4124128.485354 -2.962874 0
302560.319752 4124128.486450 -2.972795 0
302560.019492 4124128.476808 -2.975222 0
302559.694140 4124128.457627 -2.975637 0
302559.363242 4124128.440081 -2.973575 0
302559.059343 4124128.422518 -2.973433 0
302558.755732 4124128.406783 -2.975444 0
302558.455836 4124128.394227 -2.976555 0
302558.141180 4124128.390087 -2.983875 0
302557.814437 4124128.379371 -2.988379 0
302557.511938 4124128.372133 -2.994691 0
302557.171988 4124128.369015 -2.999645 0
302556.849285 4124128.363122 -3.005034 0
302556.536310 4124128.343789 -3.005286 0
302556.221263 4124128.331199 -3.004402 0
302555.910062 4124128.336105 -3.011099 0
302555.606889 4124128.339322 -3.013091 0
302555.284666 4124128.339846 -3.013124 0
302554.981956 4124128.335182 -3.014634 0
302554.671431 4124128.344654 -3.013652 0
302554.362034 4124128.344112 -3.013607 0
302554.046418 4124128.350954 -3.014051 0
302553.720246 4124128.359637 -3.014383 0
302553.414138 4124128.368643 -3.014333 0
302553.095845 4124128.375538 -3.014588 0
