302495.340584 4123798.163784 2.714611 0
302495.065812 4123798.310809 2.722129 0
302494.809190 4123798.470684 2.722741 0
302494.536262 4123798.602053 2.727482 0
302494.264560 4123798.750051 2.734721 0
302493.984210 4123798.884408 2.743395 0
302493.703943 4123799.014112 2.750145 0
302493.430672 4123799.161126 2.750533 0
302493.122265 4123799.322511 2.757701 0
302492.848901 4123799.453797 2.757793 0
302492.577302 4123799.587540 2.761701 0
302492.284743 4123799.741056 2.764881 0
302491.986330 4123799.889249 2.760623 0
302491.710619 4123800.026213 2.762952 0
302491.424327 4123800.181497 2.764349 0
302491.140078 4123800.340385 2.766252 0
302490.864067 4123800.482109 2.767074 0
302490.577413 4123800.626594 2.766100 0
302490.294293 4123800.763425 2.765771 0
302490.021689 4123800.894052 2.765632 0
302489.714093 4123801.052061 2.765507 0
302489.402441 4123801.211475 2.766095 0
302489.115017 4123801.363857 2.767935 0
302488.828411 4123801.505480 2.770026 0
302488.558605 4123801.639790 2.767138 0
302488.244982 4123801.793499 2.766879 0
302487.939863 4123801.949792 2.765823 0
302487.653490 4123802.107857 2.765208 0
302487.381240 4123802.249387 2.765195 0
302487.079940 4123802.400025 2.765242 0
302486.802037 4123802.549822 2.758541 0
302486.520662 4123802.689013 2.756062 0
302486.231100 4123802.836993 2.753851 0
302485.956225 4123802.977177 2.753378 0
302485.654046 4123803.115520 2.753044 0
302485.384194 4123803.259666 2.753214 0
302485.109720 4123803.413392 2.754207 0
302484.834222 4123803.546113 2.757664 0
302484.557943 4123803.675869 2.757857 0
302484.258570 4123803.824446 2.759102 0
302483.983136 4123803.962860 2.759508 0
302483.702709 4123804.105800 2.764453 0
302483.399470 4123804.253571 2.764972 0
302483.121510 4123804.393806 2.766243 0
302482.824338 4123804.539815 2.768477 0
302482.541478 4123804.674857 2.767395 0
302482.270846 4123804.808453 2.764311 0
302481.998897 4123804.949434 2.762966 0
302481.708064 4123805.091876 2.762542 0
302481.429041 4123805.231744 2.762218 0
302481.159972 4123805.377525 2.758428 0
302480.898002 4123805.524229 2.752852 0
302480.633377 4123805.671340 2.750504 0
302480.368897 4123805.813505 2.749138 0
302480.092654 4123805.955365 2.741882 0
302479.798552 4123806.104315 2.743901 0
302479.511593 4123806.252947 2.743528 0
302479.195692 4123806.419718 2.746311 0
302478.889922 4123806.576495 2.741747 0
302478.608259 4123806.727376 2.742381 0
302478.332165 4123806.872217 2.738423 0
302478.063603 4123807.024656 2.742440 0
302477.796216 4123807.169318 2.736089 0
302477.504485 4123807.336889 2.734845 0
302477.228398 4123807.498014 2.736209 0
302476.961180 4123807.652159 2.737296 0
302476.690727 4123807.806722 2.734675 0
302476.417808 4123807.969856 2.725092 0
302476.108302 4123808.145866 2.713549 0
302475.826019 4123808.312049 2.703713 0
302475.563761 4123808.474175 2.698474 0
302475.289603 4123808.641763 2.696887 0
302475.013824 4123808.827031 2.687820 0
302474.757519 4123808.996086 2.683878 0
302474.496656 4123809.171311 2.675882 0
302474.213529 4123809.356511 2.665356 0
302473.942502 4123809.537797 2.663329 0
302473.681905 4123809.703085 2.664436 0
302473.385446 4123809.887821 2.663175 0
302473.100601 4123810.066914 2.659819 0
302472.804831 4123810.259554 2.652781 0
302472.520759 4123810.456708 2.639880 0
302472.254408 4123810.648724 2.633949 0
302471.984768 4123810.855510 2.626643 0
302471.716581 4123811.052712 2.619064 0
302471.434163 4123811.249002 2.619025 0
302471.158877 4123811.433002 2.616596 0
302470.913772 4123811.611724 2.610317 0
302470.668292 4123811.808848 2.598764 0
302470.402283 4123812.028400 2.585273 0
302470.170345 4123812.233837 2.570450 0
302469.951933 4123812.451293 2.545452 0
302469.730796 4123812.674033 2.522606 0
302469.495670 4123812.916838 2.503367 0
302469.271072 4123813.151797 2.484829 0
302469.055918 4123813.371668 2.469640 0
302468.845765 4123813.590245 2.457111 0
302468.625392 4123813.820834 2.440742 0
302468.397926 4123814.053473 2.426658 0
302468.208898 4123814.288289 2.410335 0
302468.014984 4123814.547696 2.388964 0
302467.847725 4123814.798956 2.361771 0
302467.666411 4123815.080747 2.328398 0
302467.511093 4123815.342435 2.301350 0
302467.330305 4123815.618177 2.286474 0
302467.152146 4123815.894527 2.251965 0
302467.005410 4123816.185579 2.217439 0
302466.880840 4123816.467004 2.179611 0
302466.770035 4123816.758454 2.144763 0
302466.674320 4123817.049485 2.108575 0
302466.577797 4123817.376189 2.080178 0
302466.476782 4123817.688250 2.056375 0
302466.392363 4123817.976423 2.019602 0
302466.321673 4123818.278824 1.983174 0
302466.261866 4123818.575756 1.948576 0
302466.210957 4123818.872833 1.924080 0
302466.154366 4123819.195765 1.903311 0
302466.089855 4123819.493455 1.900521 0
302466.047215 4123819.803735 1.880571 0
302466.013712 4123820.113202 1.852569 0
302465.970027 4123820.410752 1.832640 0
302465.935488 4123820.728904 1.815357 0
302465.903937 4123821.039915 1.802459 0
302465.862151 4123821.345311 1.798886 0
302465.844800 4123821.674980 1.778777 0
302465.820479 4123821.974619 1.755194 0
302465.815674 4123822.276506 1.735121 0
302465.821324 4123822.585631 1.709018 0
302465.850559 4123822.905540 1.671026 0
302465.884620 4123823.236567 1.644020 0
302465.920241 4123823.557788 1.611026 0
302465.964700 4123823.862497 1.587387 0
302466.007105 4123824.168839 1.560101 0
302466.056377 4123824.473151 1.542932 0
302466.115521 4123824.772675 1.521269 0
302466.194525 4123825.080668 1.496383 0
302466.290488 4123825.402879 1.468435 0
302466.384866 4123825.712172 1.449242 0
302466.478159 4123826.011626 1.421181 0
302466.580019 4123826.300340 1.399832 0
302466.690211 4123826.610477 1.380811 0
302466.788196 4123826.899109 1.369663 0
302466.900874 4123827.187504 1.362850 0
302467.030811 4123827.508917 1.335329 0
302467.163656 4123827.831273 1.323236 0
302467.287247 4123828.115140 1.313978 0
302467.398244 4123828.394379 1.308927 0
302467.539734 4123828.691096 1.294410 0
302467.685509 4123828.991143 1.281942 0
302467.814336 4123829.279191 1.276760 0
302467.942848 4123829.561397 1.270737 0
302468.083418 4123829.864723 1.263974 0
302468.225499 4123830.154824 1.252970 0
302468.372534 4123830.442202 1.245747 0
302468.520541 4123830.730834 1.236648 0
302468.661084 4123831.010051 1.226665 0
302468.796318 4123831.281317 1.220176 0
302468.952393 4123831.582476 1.212542 0
302469.091186 4123831.857846 1.207991 0
302469.244413 4123832.132776 1.208966 0
302469.394329 4123832.398213 1.209937 0
302469.561520 4123832.702591 1.203640 0
302469.716976 4123833.002668 1.203615 0
302469.856661 4123833.284625 1.198043 0
302470.007584 4123833.560011 1.190356 0
302470.177214 4123833.851408 1.181204 0
302470.354624 4123834.150445 1.172081 0
302470.521186 4123834.426590 1.166149 0
302470.688077 4123834.716912 1.164921 0
302470.838809 4123834.992391 1.164651 0
302471.002723 4123835.284226 1.164588 0
302471.172338 4123835.578406 1.162355 0
302471.316354 4123835.848863 1.165420 0
302471.487148 4123836.154431 1.162441 0
302471.640270 4123836.417955 1.163069 0
302471.790944 4123836.679758 1.165223 0
302471.938581 4123836.942502 1.162603 0
302472.095705 4123837.211376 1.163113 0
302472.241128 4123837.475224 1.162268 0
302472.390769 4123837.739789 1.161099 0
302472.552397 4123838.016454 1.163518 0
302472.701726 4123838.287185 1.166852 0
302472.855704 4123838.582834 1.168617 0
302473.000487 4123838.854224 1.164923 0
302473.159715 4123839.130228 1.165250 0
302473.318762 4123839.419597 1.168275 0
302473.468564 4123839.684148 1.168627 0
302473.625187 4123839.949676 1.166957 0
302473.783520 4123840.206235 1.164694 0
302473.937683 4123840.471062 1.166189 0
302474.074004 4123840.746584 1.168272 0
302474.210428 4123841.019519 1.166227 0
302474.357266 4123841.282406 1.165048 0
302474.499487 4123841.549715 1.162110 0
302474.662370 4123841.832565 1.163128 0
302474.827416 4123842.106794 1.161697 0
302474.960076 4123842.380384 1.158744 0
