302530.410918 4124110.111794 -1.445116 0
302530.442361 4124109.811030 -1.439270 0
302530.436318 4124109.508942 -1.439280 0
302530.431088 4124109.179101 -1.434664 0
302530.426622 4124108.866609 -1.427624 0
302530.405516 4124108.554579 -1.425661 0
302530.397551 4124108.224969 -1.424079 0
302530.402418 4124107.924359 -1.419490 0
302530.424733 4124107.607175 -1.420143 0
302530.437903 4124107.297977 -1.414014 0
302530.454342 4124106.990518 -1.412981 0
302530.468777 4124106.651519 -1.411516 0
302530.457262 4124106.340587 -1.409206 0
302530.458377 4124106.012409 -1.407117 0
302530.455656 4124105.701882 -1.404914 0
302530.442051 4124105.342553 -1.406256 0
302530.422708 4124104.987934 -1.408901 0
302530.413282 4124104.658783 -1.410271 0
302530.403037 4124104.344740 -1.409035 0
302530.406886 4124104.011208 -1.407215 0
302530.418480 4124103.691433 -1.407912 0
302530.424549 4124103.348933 -1.405078 0
302530.438434 4124103.029086 -1.401008 0
302530.424927 4124102.706955 -1.393254 0
302530.425113 4124102.385324 -1.389252 0
302530.433911 4124102.071806 -1.386250 0
302530.422360 4124101.758084 -1.397661 0
302530.441241 4124101.423692 -1.402509 0
302530.446510 4124101.073730 -1.404260 0
302530.455944 4124100.767597 -1.402838 0
302530.469421 4124100.428749 -1.399109 0
302530.483556 4124100.090709 -1.396357 0
302530.481857 4124099.780804 -1.396495 0
302530.486218 4124099.470212 -1.393528 0
302530.509287 4124099.130763 -1.395512 0
302530.531632 4124098.820722 -1.394787 0
302530.546592 4124098.459651 -1.394610 0
302530.534319 4124098.134115 -1.391577 0
302530.537218 4124097.824201 -1.390376 0
302530.554065 4124097.509509 -1.388206 0
302530.575458 4124097.151715 -1.386437 0
302530.586683 4124096.823159 -1.384701 0
302530.584169 4124096.504145 -1.381442 0
302530.577895 4124096.203524 -1.381252 0
302530.575612 4124095.896064 -1.380891 0
302530.569472 4124095.588577 -1.381324 0
302530.570939 4124095.237828 -1.380603 0
302530.573715 4124094.907097 -1.379130 0
302530.571995 4124094.603647 -1.383144 0
302530.576094 4124094.269868 -1.388141 0
302530.582852 4124093.955693 -1.389635 0
302530.590216 4124093.638103 -1.390751 0
302530.592982 4124093.337323 -1.393938 0
302530.588488 4124093.025931 -1.396837 0
302530.589520 4124092.715179 -1.401882 0
302530.580241 4124092.393832 -1.407234 0
302530.572411 4124092.086154 -1.414907 0
302530.580451 4124091.772184 -1.413056 0
302530.607893 4124091.433229 -1.414952 0
302530.622498 4124091.063253 -1.408943 0
302530.609780 4124090.754422 -1.405202 0
302530.584609 4124090.422908 -1.402945 0
302530.576324 4124090.117117 -1.401044 0
302530.563585 4124089.804413 -1.398684 0
302530.553007 4124089.502830 -1.395919 0
302530.566398 4124089.170249 -1.394190 0
302530.579041 4124088.846931 -1.393653 0
302530.587749 4124088.547043 -1.391334 0
302530.594499 4124088.234952 -1.389313 0
302530.605032 4124087.923282 -1.383034 0
302530.613908 4124087.617402 -1.380112 0
302530.642764 4124087.299521 -1.378345 0
302530.671170 4124086.998323 -1.378875 0
302530.702420 4124086.696494 -1.375773 0
302530.743380 4124086.333873 -1.373832 0
302530.711504 4124086.031731 -1.386405 0
302530.673406 4124085.714770 -1.402358 0
302530.638329 4124085.383168 -1.408009 0
302530.618368 4124085.043951 -1.407678 0
302530.609102 4124084.734294 -1.408294 0
302530.599012 4124084.393372 -1.407336 0
302530.591141 4124084.093377 -1.406948 0
302530.584313 4124083.791572 -1.406321 0
302530.577299 4124083.484878 -1.406126 0
302530.566589 4124083.181814 -1.405365 0
302530.574311 4124082.823234 -1.406559 0
302530.589822 4124082.516083 -1.403496 0
302530.593874 4124082.183937 -1.398737 0
302530.594548 4124081.881620 -1.397189 0
302530.590589 4124081.563917 -1.397978 0
302530.596678 4124081.242310 -1.396490 0
302530.610155 4124080.936694 -1.394914 0
302530.605783 4124080.627895 -1.393134 0
302530.603299 4124080.324814 -1.392562 0
302530.600277 4124080.016182 -1.387280 0
302530.597835 4124079.696030 -1.385919 0
302530.602593 4124079.380812 -1.385596 0
302530.606318 4124079.076182 -1.381707 0
302530.606699 4124078.764653 -1.381082 0
302530.593219 4124078.405548 -1.378763 0
302530.592302 4124078.030756 -1.377773 0
302530.590595 4124077.694708 -1.376124 0
302530.607977 4124077.385571 -1.375057 0
302530.611144 4124077.037202 -1.374824 0
302530.630479 4124076.702237 -1.373122 0
302530.635745 4124076.378732 -1.375001 0
302530.650008 4124076.062535 -1.374622 0
302530.674259 4124075.715752 -1.376401 0
302530.693963 4124075.370265 -1.377427 0
302530.690861 4124075.012103 -1.378424 0
302530.682113 4124074.710188 -1.384993 0
302530.676680 4124074.405007 -1.389459 0
302530.668143 4124074.099507 -1.395305 0
302530.667882 4124073.798403 -1.395967 0
302530.671702 4124073.486093 -1.401237 0
302530.676424 4124073.150351 -1.402494 0
302530.672489 4124072.824317 -1.405371 0
302530.674846 4124072.506404 -1.405002 0
302530.658230 4124072.183437 -1.407558 0
302530.645924 4124071.852723 -1.411278 0
302530.626919 4124071.544458 -1.412963 0
302530.613250 4124071.226416 -1.409351 0
302530.606744 4124070.880877 -1.401571 0
302530.599956 4124070.547302 -1.400119 0
302530.591159 4124070.241145 -1.398837 0
302530.587620 4124069.922622 -1.399488 0
302530.582736 4124069.614463 -1.398144 0
302530.596702 4124069.310458 -1.397037 0
302530.602278 4124068.979816 -1.393641 0
302530.609880 4124068.665933 -1.387916 0
302530.612702 4124068.354747 -1.383749 0
302530.616664 4124068.035130 -1.381262 0
302530.622804 4124067.716406 -1.380278 0
302530.634236 4124067.411512 -1.374624 0
302530.635959 4124067.101159 -1.372485 0
302530.628897 4124066.785863 -1.371027 0
302530.618942 4124066.459920 -1.370012 0
302530.632162 4124066.151168 -1.367426 0
302530.652996 4124065.827905 -1.366686 0
302530.674165 4124065.517913 -1.363593 0
302530.687929 4124065.212539 -1.364216 0
302530.688264 4124064.901182 -1.361994 0
302530.705727 4124064.582160 -1.359574 0
302530.735459 4124064.281946 -1.359154 0
302530.766265 4124063.962012 -1.357304 0
302530.788560 4124063.644818 -1.356969 0
302530.785055 4124063.310454 -1.363305 0
302530.765270 4124062.999155 -1.374738 0
302530.751667 4124062.693230 -1.384783 0
302530.728466 4124062.389709 -1.391370 0
302530.703323 4124062.068615 -1.394318 0
302530.685053 4124061.760055 -1.395215 0
302530.681715 4124061.457167 -1.396842 0
302530.716855 4124061.157104 -1.395115 0
302530.745933 4124060.830974 -1.400070 0
302530.744656 4124060.522186 -1.401940 0
302530.714156 4124060.214579 -1.404415 0
302530.700453 4124059.894009 -1.403860 0
302530.670136 4124059.580848 -1.405587 0
302530.674338 4124059.272799 -1.394028 0
302530.676115 4124058.938150 -1.390282 0
302530.650025 4124058.625761 -1.385603 0
302530.640318 4124058.318488 -1.377117 0
302530.648763 4124057.967443 -1.372817 0
302530.664985 4124057.619381 -1.364667 0
302530.675771 4124057.272210 -1.357676 0
302530.682013 4124056.950581 -1.355589 0
302530.684103 4124056.650330 -1.354196 0
302530.700094 4124056.315740 -1.352598 0
302530.730323 4124056.011263 -1.350899 0
302530.762326 4124055.701583 -1.351107 0
302530.778461 4124055.383058 -1.356458 0
302530.789355 4124055.076112 -1.362275 0
302530.808996 4124054.702502 -1.364320 0
302530.796556 4124054.323818 -1.366305 0
302530.770861 4124054.017673 -1.366910 0
302530.763081 4124053.691181 -1.365447 0
302530.757737 4124053.329564 -1.357309 0
302530.767088 4124053.020815 -1.346416 0
302530.768421 4124052.686989 -1.342288 0
302530.773151 4124052.384149 -1.343147 0
302530.778259 4124052.047615 -1.340213 0
302530.786207 4124051.708692 -1.338514 0
302530.793216 4124051.389080 -1.339044 0
302530.812054 4124051.072688 -1.338377 0
302530.834194 4124050.770283 -1.338943 0
302530.840455 4124050.448541 -1.336244 0
302530.829164 4124050.139270 -1.337959 0
302530.855738 4124049.836200 -1.339917 0
302530.875957 4124049.529120 -1.339408 0
302530.908543 4124049.162435 -1.344651 0
302530.937189 4124048.833488 -1.344935 0
302530.955221 4124048.513018 -1.347477 0
302530.967376 4124048.192938 -1.349763 0
302530.981037 4124047.870757 -1.349833 0
302530.984798 4124047.529166 -1.346888 0
302530.989027 4124047.212921 -1.346852 0
302531.007997 4124046.859892 -1.346672 0
302531.023712 4124046.558442 -1.347000 0
302531.048838 4124046.254728 -1.339632 0
302531.064526 4124045.921948 -1.336091 0
302531.076946 4124045.602967 -1.331436 0
302531.094255 4124045.291243 -1.323574 0
302531.104907 4124044.984556 -1.322230 0
302531.114159 4124044.661739 -1.317396 0
302531.135315 4124044.343693 -1.317635 0
302531.165230 4124044.019024 -1.315121 0
302531.187019 4124043.706686 -1.317894 0
302531.191274 4124043.359547 -1.332451 0
302531.208208 4124043.041245 -1.332786 0
302531.224927 4124042.729798 -1.335375 0
302531.231135 4124042.428577 -1.336495 0
302531.217853 4124042.119330 -1.341769 0
