302530.671264 4124053.411213 -1.370442 0
302530.692910 4124053.093456 -1.368254 0
302530.691629 4124052.781792 -1.368396 0
302530.681221 4124052.479318 -1.363765 0
302530.672552 4124052.178464 -1.363328 0
302530.666739 4124051.877760 -1.365285 0
302530.658185 4124051.576141 -1.366583 0
302530.656397 4124051.264816 -1.365979 0
302530.673177 4124050.953868 -1.361695 0
302530.689840 4124050.642106 -1.357103 0
302530.706419 4124050.332955 -1.351745 0
302530.727380 4124050.004197 -1.346360 0
302530.726250 4124049.701196 -1.346186 0
302530.747707 4124049.387784 -1.347073 0
302530.765079 4124049.075902 -1.335970 0
302530.771290 4124048.768139 -1.328287 0
302530.779616 4124048.427173 -1.330654 0
302530.796812 4124048.116423 -1.331303 0
302530.820459 4124047.763970 -1.326667 0
302530.823232 4124047.452746 -1.319337 0
302530.835292 4124047.130882 -1.316945 0
302530.851577 4124046.825365 -1.314503 0
302530.888568 4124046.465108 -1.310188 0
302530.914658 4124046.155471 -1.306879 0
302530.951162 4124045.837132 -1.304871 0
302530.969131 4124045.532306 -1.303253 0
302530.999392 4124045.173268 -1.293866 0
302531.030146 4124044.869808 -1.289117 0
302531.046110 4124044.548559 -1.285712 0
302531.063162 4124044.226732 -1.282329 0
302531.059403 4124043.921100 -1.282650 0
302531.054222 4124043.613039 -1.283764 0
302531.066589 4124043.311101 -1.282351 0
302531.086104 4124042.998193 -1.280891 0
302531.130290 4124042.649775 -1.281361 0
302531.152454 4124042.350167 -1.282008 0
302531.190570 4124042.037587 -1.287675 0
302531.227239 4124041.720432 -1.294048 0
302531.254189 4124041.412970 -1.296280 0
302531.260914 4124041.100936 -1.304376 0
302531.281541 4124040.793067 -1.311382 0
302531.301116 4124040.468047 -1.315599 0
302531.325135 4124040.159533 -1.318677 0
302531.352560 4124039.821569 -1.320658 0
302531.377749 4124039.480630 -1.321760 0
302531.369989 4124039.136292 -1.320761 0
302531.352346 4124038.784818 -1.324407 0
302531.355162 4124038.475019 -1.325168 0
302531.366528 4124038.152842 -1.331464 0
302531.368546 4124037.847220 -1.337172 0
302531.379616 4124037.528254 -1.341040 0
302531.385586 4124037.190942 -1.344545 0
302531.380730 4124036.890352 -1.350225 0
302531.382810 4124036.583867 -1.353525 0
302531.384704 4124036.281200 -1.360301 0
302531.369710 4124035.937613 -1.361914 0
302531.380647 4124035.607581 -1.364587 0
302531.363065 4124035.261540 -1.368437 0
302531.341514 4124034.946695 -1.378011 0
302531.350246 4124034.589050 -1.378992 0
302531.347274 4124034.271759 -1.383269 0
302531.335352 4124033.960978 -1.383732 0
302531.300996 4124033.648277 -1.389206 0
302531.297075 4124033.324105 -1.380965 0
302531.289752 4124032.971230 -1.379204 0
302531.294514 4124032.656914 -1.378040 0
302531.296377 4124032.344942 -1.375357 0
302531.297731 4124032.031182 -1.370065 0
302531.300753 4124031.697360 -1.363781 0
302531.304125 4124031.349089 -1.359205 0
302531.314846 4124030.986415 -1.359229 0
302531.345597 4124030.682292 -1.357044 0
302531.376680 4124030.362933 -1.358030 0
302531.413040 4124029.991383 -1.355027 0
302531.414325 4124029.674046 -1.354706 0
302531.417885 4124029.351056 -1.351628 0
302531.393370 4124029.020737 -1.351655 0
302531.371081 4124028.700438 -1.351816 0
302531.358337 4124028.359214 -1.355949 0
302531.353739 4124028.049834 -1.356793 0
302531.346431 4124027.743781 -1.356683 0
302531.312450 4124027.405760 -1.359006 0
302531.283702 4124027.098362 -1.361840 0
302531.272682 4124026.752881 -1.362593 0
302531.268333 4124026.430282 -1.364080 0
302531.280941 4124026.064791 -1.364199 0
302531.283339 4124025.762792 -1.363552 0
302531.292365 4124025.408531 -1.363606 0
302531.297012 4124025.055367 -1.358644 0
302531.312011 4124024.728971 -1.353881 0
302531.328543 4124024.417525 -1.344163 0
302531.344431 4124024.090724 -1.342098 0
302531.347607 4124023.789917 -1.340567 0
302531.363191 4124023.459575 -1.340867 0
302531.390187 4124023.154331 -1.338827 0
302531.413282 4124022.780922 -1.336815 0
302531.413123 4124022.428545 -1.336725 0
302531.416958 4124022.084400 -1.334503 0
302531.416218 4124021.783287 -1.335251 0
302531.413572 4124021.426490 -1.334384 0
302531.409367 4124021.086259 -1.333478 0
302531.391001 4124020.763901 -1.333868 0
302531.400371 4124020.452814 -1.329285 0
302531.420102 4124020.114948 -1.324041 0
302531.461100 4124019.808001 -1.318371 0
302531.505985 4124019.509441 -1.311208 0
302531.547487 4124019.148936 -1.308456 0
302531.567159 4124018.827169 -1.306088 0
302531.595671 4124018.515104 -1.298451 0
302531.619789 4124018.201643 -1.278015 0
302531.655612 4124017.864974 -1.252891 0
302531.697640 4124017.567722 -1.233914 0
302531.760324 4124017.211576 -1.216854 0
302531.827266 4124016.918848 -1.199130 0
302531.872134 4124016.620908 -1.181001 0
302531.962807 4124016.282482 -1.156819 0
302532.047747 4124015.980002 -1.138168 0
302532.156578 4124015.648215 -1.117077 0
302532.261572 4124015.302884 -1.112284 0
302532.349495 4124015.014454 -1.103272 0
302532.435981 4124014.697994 -1.104362 0
302532.537360 4124014.354724 -1.092384 0
302532.636562 4124014.019691 -1.080182 0
302532.736760 4124013.723983 -1.060785 0
302532.855198 4124013.406739 -1.033936 0
302532.983963 4124013.106249 -1.000174 0
302533.119171 4124012.788230 -0.966527 0
302533.255108 4124012.514088 -0.943506 0
302533.395577 4124012.231373 -0.921724 0
302533.552040 4124011.933880 -0.900565 0
302533.714440 4124011.637613 -0.880032 0
302533.874651 4124011.374986 -0.862683 0
302534.058422 4124011.084130 -0.844036 0
302534.244012 4124010.817299 -0.828979 0
302534.416955 4124010.548045 -0.818926 0
302534.586259 4124010.282090 -0.804707 0
302534.777955 4124010.042468 -0.787469 0
302534.966706 4124009.800374 -0.770637 0
302535.184484 4124009.536821 -0.756347 0
302535.402965 4124009.287512 -0.741055 0
302535.589322 4124009.041040 -0.722427 0
302535.765439 4124008.789233 -0.696497 0
302535.974531 4124008.546512 -0.669232 0
302536.195030 4124008.290230 -0.635054 0
302536.435838 4124008.062999 -0.608519 0
302536.667632 4124007.854884 -0.587995 0
302536.890897 4124007.651994 -0.567393 0
302537.133859 4124007.449831 -0.552554 0
302537.404012 4124007.240590 -0.528686 0
302537.685094 4124007.050451 -0.510155 0
302537.975496 4124006.857982 -0.492403 0
302538.249368 4124006.677361 -0.472342 0
302538.504634 4124006.502948 -0.458127 0
302538.770668 4124006.310670 -0.439558 0
302539.059357 4124006.109322 -0.417654 0
302539.317485 4124005.952997 -0.397416 0
302539.586031 4124005.797246 -0.375371 0
302539.884072 4124005.625237 -0.343650 0
302540.175819 4124005.478072 -0.310991 0
302540.503798 4124005.330116 -0.277453 0
302540.824460 4124005.198698 -0.251251 0
302541.146546 4124005.079039 -0.232102 0
302541.470746 4124004.951751 -0.217766 0
302541.769927 4124004.828801 -0.205648 0
302542.070050 4124004.708624 -0.200656 0
302542.372932 4124004.599488 -0.179013 0
302542.703169 4124004.502455 -0.158648 0
302543.049483 4124004.410547 -0.131884 0
302543.342100 4124004.315689 -0.114372 0
302543.664530 4124004.225484 -0.093292 0
302544.010661 4124004.136030 -0.068371 0
302544.337066 4124004.062269 -0.045992 0
302544.696557 4124003.987179 -0.023606 0
302545.036556 4124003.932685 -0.002612 0
302545.339448 4124003.889499 0.014488 0
302545.652756 4124003.843604 0.031235 0
302545.984068 4124003.790634 0.042445 0
302546.316547 4124003.743411 0.049247 0
302546.663587 4124003.689959 0.052316 0
302546.967155 4124003.642725 0.054246 0
302547.278249 4124003.599400 0.053412 0
302547.592138 4124003.562791 0.059725 0
302547.901330 4124003.536473 0.076542 0
302548.208444 4124003.511543 0.088563 0
302548.577024 4124003.464076 0.093576 0
302548.929824 4124003.435946 0.107604 0
302549.236461 4124003.429277 0.124061 0
302549.539011 4124003.413596 0.135926 0
302549.893707 4124003.405649 0.145505 0
302550.232640 4124003.400324 0.147401 0
302550.559493 4124003.384137 0.150628 0
302550.878290 4124003.367267 0.149507 0
302551.179840 4124003.350785 0.147674 0
302551.507622 4124003.331497 0.144925 0
302551.855419 4124003.312941 0.144264 0
302552.221001 4124003.280671 0.140562 0
302552.567316 4124003.255863 0.141280 0
302552.868287 4124003.263044 0.155167 0
302553.224991 4124003.261118 0.173600 0
302553.542094 4124003.266083 0.178344 0
302553.878311 4124003.252541 0.180889 0
302554.195119 4124003.255444 0.187199 0
302554.517490 4124003.269276 0.203397 0
302554.850816 4124003.264649 0.204093 0
302555.180156 4124003.252759 0.203323 0
302555.507127 4124003.264050 0.202503 0
302555.849283 4124003.271910 0.204524 0
302556.174743 4124003.274714 0.203970 0
302556.509908 4124003.284619 0.204121 0
302556.811997 4124003.287420 0.204244 0
302557.121236 4124003.290664 0.201571 0
302557.476844 4124003.288236 0.203539 0
302557.795699 4124003.285858 0.204077 0
302558.102648 4124003.299959 0.201909 0
302558.421210 4124003.299949 0.202484 0
302558.763363 4124003.302974 0.202599 0
302559.119182 4124003.302330 0.199349 0
302559.423690 4124003.272077 0.198788 0
302559.735604 4124003.271669 0.198499 0
302560.037190 4124003.283312 0.201847 0
302560.362719 4124003.300444 0.201863 0
302560.726101 4124003.335085 0.200322 0
302561.078670 4124003.348906 0.200107 0
302561.421623 4124003.362017 0.200695 0
302561.735110 4124003.365714 0.199264 0
302562.035289 4124003.362674 0.193347 0
302562.370531 4124003.343843 0.185712 0
302562.680685 4124003.336087 0.179237 0
302563.014384 4124003.321383 0.177159 0
302563.361461 4124003.298820 0.172019 0
302563.671983 4124003.294634 0.170082 0
302563.993783 4124003.281229 0.168541 0
302564.307101 4124003.262751 0.166592 0
302564.618918 4124003.259781 0.164712 0
302564.921598 4124003.248664 0.165125 0
302565.277334 4124003.246781 0.166261 0
302565.615983 4124003.233806 0.165696 0
302565.981990 4124003.241622 0.167647 0
302566.292178 4124003.251326 0.172533 0
302566.638055 4124003.267920 0.179534 0
302566.947385 4124003.269710 0.184942 0
302567.262196 4124003.258748 0.190028 0
302567.586187 4124003.248128 0.192102 0
302567.934212 4124003.245704 0.192650 0
302568.255713 4124003.264443 0.193374 0
302568.598764 4124003.273654 0.193527 0
302568.931376 4124003.270941 0.194902 0
302569.233284 4124003.282800 0.195092 0
302569.534698 4124003.289395 0.195279 0
302569.853028 4124003.289962 0.195359 0
302570.180350 4124003.292753 0.193730 0
302570.494435 4124003.291957 0.194918 0
302570.795835 4124003.290490 0.192094 0
302571.100819 4124003.282465 0.187596 0
302571.416053 4124003.292741 0.183748 0
302571.719128 4124003.288418 0.179738 0
302572.037940 4124003.301816 0.176923 0
302572.349420 4124003.290773 0.175707 0
