302514.736532 4123819.269119 -2.058394 0
302514.571773 4123818.994479 -2.055475 0
302514.403630 4123818.724909 -2.051371 0
302514.232501 4123818.456439 -2.047583 0
302514.059762 4123818.183998 -2.044417 0
302513.886944 4123817.934314 -2.043926 0
302513.728024 4123817.674670 -2.042015 0
302513.567894 4123817.403371 -2.043504 0
302513.421621 4123817.129444 -2.043441 0
302513.258258 4123816.866854 -2.037286 0
302513.103460 4123816.595475 -2.031987 0
302512.916538 4123816.315400 -2.031753 0
302512.741165 4123816.027926 -2.026013 0
302512.587098 4123815.770222 -2.024677 0
302512.423953 4123815.505417 -2.024448 0
302512.252646 4123815.258934 -2.022311 0
302512.074845 4123815.016607 -2.020283 0
302511.906311 4123814.759981 -2.022884 0
302511.758478 4123814.497549 -2.022743 0
302511.608194 4123814.234776 -2.022329 0
302511.437699 4123813.961440 -2.013510 0
302511.276131 4123813.672732 -2.014235 0
302511.119444 4123813.388034 -2.012384 0
302510.961346 4123813.093856 -2.011773 0
302510.804903 4123812.826404 -2.007241 0
302510.649791 4123812.562913 -2.005024 0
302510.476200 4123812.267682 -2.000796 0
302510.312285 4123812.005331 -2.000458 0
302510.147332 4123811.736195 -1.996733 0
302509.979468 4123811.469231 -1.998204 0
302509.812143 4123811.193943 -1.997819 0
302509.656214 4123810.910204 -1.992112 0
302509.507322 4123810.634136 -1.987434 0
302509.355820 4123810.367768 -1.984045 0
302509.188636 4123810.093553 -1.981950 0
302509.014515 4123809.804984 -1.979965 0
302508.860937 4123809.541258 -1.979330 0
302508.700981 4123809.255278 -1.979352 0
302508.539640 4123808.957088 -1.978478 0
302508.389829 4123808.685946 -1.977429 0
302508.230399 4123808.376451 -1.972472 0
302508.080809 4123808.082047 -1.971333 0
302507.927671 4123807.811434 -1.970267 0
302507.755823 4123807.522164 -1.967147 0
302507.599956 4123807.240749 -1.963113 0
302507.442403 4123806.982417 -1.961322 0
302507.289697 4123806.721962 -1.964511 0
302507.153646 4123806.447818 -1.963509 0
