302495.458082 4123851.023942 -0.480814 0
302495.718650 4123850.874650 -0.478563 0
302495.974934 4123850.697885 -0.476328 0
302496.241505 4123850.543577 -0.474090 0
302496.511583 4123850.386949 -0.473115 0
302496.780379 4123850.227264 -0.469189 0
302497.031847 4123850.060834 -0.470274 0
302497.294953 4123849.901118 -0.467996 0
302497.566494 4123849.748092 -0.469983 0
302497.853197 4123849.583010 -0.469643 0
302498.129577 4123849.419146 -0.467177 0
302498.390625 4123849.264478 -0.466561 0
302498.650817 4123849.104904 -0.467663 0
302498.914782 4123848.938585 -0.464033 0
302499.189978 4123848.780521 -0.465564 0
302499.453059 4123848.631845 -0.461091 0
302499.714437 4123848.484086 -0.461943 0
302499.982396 4123848.338312 -0.458407 0
302500.272441 4123848.161238 -0.455393 0
302500.543895 4123848.003754 -0.452522 0
302500.820091 4123847.846331 -0.451020 0
302501.118240 4123847.677403 -0.451326 0
302501.379148 4123847.522150 -0.451171 0
302501.656258 4123847.362733 -0.453711 0
302501.939589 4123847.210317 -0.448924 0
302502.230791 4123847.051325 -0.446863 0
302502.502869 4123846.900607 -0.446220 0
302502.782438 4123846.751901 -0.441401 0
302503.079171 4123846.593066 -0.438763 0
302503.352253 4123846.448392 -0.439952 0
302503.630361 4123846.292624 -0.438522 0
302503.926044 4123846.141056 -0.436936 0
302504.199552 4123845.997350 -0.435012 0
302504.492368 4123845.842742 -0.431153 0
302504.773520 4123845.686527 -0.430059 0
302505.051633 4123845.526737 -0.426452 0
302505.319359 4123845.385326 -0.425477 0
302505.594073 4123845.245676 -0.421929 0
302505.863736 4123845.107412 -0.419055 0
