302452.997851 4123698.344287 1.115277 0
302453.127809 4123698.614863 1.114624 0
302453.281407 4123698.885196 1.114705 0
302453.440713 4123699.158715 1.114523 0
302453.602886 4123699.431462 1.114027 0
302453.771004 4123699.719337 1.112852 0
302453.919972 4123699.988856 1.112942 0
302454.070314 4123700.266481 1.113498 0
302454.221819 4123700.546294 1.113699 0
302454.381251 4123700.822630 1.113632 0
302454.535499 4123701.083372 1.112277 0
302454.683265 4123701.345868 1.111548 0
302454.845064 4123701.635625 1.112538 0
302454.999952 4123701.906716 1.109131 0
302455.145477 4123702.178265 1.110428 0
302455.302454 4123702.452898 1.109137 0
302455.465100 4123702.729581 1.109778 0
302455.628371 4123703.016098 1.109729 0
302455.807173 4123703.314821 1.101981 0
302455.978762 4123703.613725 1.100248 0
302456.141975 4123703.886507 1.099987 0
302456.298507 4123704.147477 1.092849 0
302456.465523 4123704.410523 1.084356 0
302456.627105 4123704.678700 1.081401 0
302456.801037 4123704.970179 1.078671 0
302456.973204 4123705.255239 1.075939 0
302457.127251 4123705.512852 1.083016 0
302457.279993 4123705.776777 1.094661 0
302457.442460 4123706.059641 1.097984 0
302457.599430 4123706.328102 1.100256 0
302457.754665 4123706.590991 1.100775 0
302457.914558 4123706.862033 1.100394 0
302458.087912 4123707.152831 1.100057 0
302458.239667 4123707.411784 1.100236 0
302458.390430 4123707.679156 1.099549 0
302458.547335 4123707.938523 1.100978 0
302458.697167 4123708.202408 1.102379 0
302458.844845 4123708.464023 1.106352 0
302458.985650 4123708.731076 1.117360 0
302459.138903 4123709.025210 1.129589 0
302459.301037 4123709.342075 1.132444 0
302459.458432 4123709.643399 1.131437 0
302459.613062 4123709.940838 1.130651 0
302459.755495 4123710.212101 1.131929 0
302459.904024 4123710.481414 1.132579 0
302460.049023 4123710.750673 1.132532 0
302460.196335 4123711.023715 1.131706 0
302460.347100 4123711.304771 1.130977 0
302460.506264 4123711.597181 1.131830 0
302460.663317 4123711.889012 1.132447 0
302460.815142 4123712.175788 1.132026 0
302460.971609 4123712.467728 1.132292 0
302461.126502 4123712.756258 1.131697 0
302461.282857 4123713.049769 1.132504 0
302461.427359 4123713.335096 1.135761 0
302461.569393 4123713.612527 1.137796 0
302461.718344 4123713.896164 1.137838 0
302461.858645 4123714.172807 1.136460 0
302462.003532 4123714.450286 1.137499 0
302462.146060 4123714.742161 1.138169 0
302462.298215 4123715.042514 1.137516 0
302462.437754 4123715.310108 1.136544 0
302462.592458 4123715.607408 1.135756 0
302462.752461 4123715.905582 1.135632 0
302462.899813 4123716.171959 1.135343 0
302463.044166 4123716.440208 1.135471 0
302463.198878 4123716.730583 1.135248 0
302463.350247 4123717.021251 1.135917 0
302463.499464 4123717.300508 1.136033 0
302463.650064 4123717.572958 1.137647 0
302463.794812 4123717.839916 1.137512 0
302463.959526 4123718.150141 1.137697 0
302464.120401 4123718.462046 1.136677 0
302464.261431 4123718.728843 1.135873 0
302464.407474 4123718.995928 1.135096 0
302464.560758 4123719.272016 1.130283 0
302464.715036 4123719.557326 1.127665 0
302464.884987 4123719.856828 1.124729 0
302465.057306 4123720.172929 1.122778 0
302465.225079 4123720.472335 1.119812 0
302465.386130 4123720.756200 1.118783 0
302465.539899 4123721.032193 1.117268 0
302465.711718 4123721.336305 1.114070 0
302465.877226 4123721.630146 1.113049 0
302466.040258 4123721.915878 1.110517 0
302466.211229 4123722.202137 1.108873 0
302466.368679 4123722.471607 1.106660 0
302466.533187 4123722.760542 1.104121 0
302466.693115 4123723.032132 1.103721 0
302466.849268 4123723.309537 1.109897 0
302466.999025 4123723.579668 1.114621 0
302467.166302 4123723.888040 1.117873 0
302467.334984 4123724.196801 1.117819 0
302467.477377 4123724.462935 1.118150 0
302467.645987 4123724.774956 1.118594 0
302467.792078 4123725.040486 1.121679 0
302467.935788 4123725.315651 1.122506 0
302468.088459 4123725.585306 1.122285 0
302468.235402 4123725.848814 1.124009 0
302468.398469 4123726.142879 1.125809 0
302468.560321 4123726.428604 1.125214 0
302468.725918 4123726.721988 1.125734 0
302468.894993 4123727.018882 1.124264 0
302469.055954 4123727.307416 1.123027 0
302469.220110 4123727.604073 1.123917 0
302469.389597 4123727.911480 1.123155 0
302469.533933 4123728.185009 1.123097 0
302469.689388 4123728.471513 1.122271 0
302469.853859 4123728.771346 1.121641 0
302470.012288 4123729.061242 1.121941 0
302470.180214 4123729.365311 1.122035 0
302470.335519 4123729.651027 1.121946 0
302470.483965 4123729.919279 1.120557 0
302470.652591 4123730.237352 1.119613 0
302470.813620 4123730.532419 1.119853 0
302470.959886 4123730.803976 1.119785 0
302471.110667 4123731.069670 1.119494 0
302471.265123 4123731.357888 1.118816 0
302471.437318 4123731.671205 1.119024 0
302471.606317 4123731.966212 1.117306 0
302471.756360 4123732.230096 1.117576 0
302471.926344 4123732.536536 1.116909 0
302472.101269 4123732.848600 1.116173 0
302472.258883 4123733.130911 1.116397 0
302472.416566 4123733.418544 1.115872 0
302472.563839 4123733.687719 1.115568 0
302472.714157 4123733.956337 1.113789 0
302472.863905 4123734.225539 1.113318 0
302473.012622 4123734.487530 1.112579 0
302473.165147 4123734.759618 1.112751 0
302473.325431 4123735.038378 1.111193 0
302473.476400 4123735.310512 1.110750 0
302473.627422 4123735.582129 1.110730 0
302473.805592 4123735.905477 1.109638 0
302473.977984 4123736.210277 1.110909 0
302474.150116 4123736.506677 1.110846 0
302474.316692 4123736.802458 1.111533 0
302474.475765 4123737.087679 1.110672 0
302474.627265 4123737.357955 1.109851 0
302474.801226 4123737.667879 1.109716 0
302474.968846 4123737.968335 1.109987 0
302475.122177 4123738.236733 1.111241 0
302475.270839 4123738.505943 1.111074 0
302475.421606 4123738.778611 1.112771 0
302475.576350 4123739.054318 1.113262 0
302475.725619 4123739.319859 1.114420 0
302475.900789 4123739.639488 1.114295 0
302476.078871 4123739.964182 1.114509 0
302476.241088 4123740.249703 1.114467 0
302476.397344 4123740.530412 1.114642 0
302476.546221 4123740.797496 1.115525 0
302476.697115 4123741.063671 1.114955 0
302476.842282 4123741.329494 1.114086 0
302476.997130 4123741.602339 1.112366 0
302477.167162 4123741.899872 1.112893 0
302477.325590 4123742.177328 1.113748 0
302477.485366 4123742.452453 1.113937 0
302477.643928 4123742.724899 1.113119 0
302477.797366 4123743.002771 1.112125 0
302477.951919 4123743.269660 1.112389 0
302478.100086 4123743.545632 1.113649 0
302478.253765 4123743.816877 1.113320 0
302478.401692 4123744.077901 1.113360 0
302478.574542 4123744.375946 1.112914 0
302478.746283 4123744.699807 1.127770 0
302478.914788 4123745.009347 1.133357 0
302479.088141 4123745.330447 1.133446 0
302479.255963 4123745.640856 1.132852 0
302479.408187 4123745.942376 1.133719 0
302479.574969 4123746.252894 1.133889 0
302479.738607 4123746.555005 1.133879 0
302479.891834 4123746.847707 1.134535 0
302480.046071 4123747.137951 1.129711 0
302480.191386 4123747.411466 1.126845 0
302480.359964 4123747.725142 1.124112 0
302480.520377 4123748.010802 1.122102 0
302480.677159 4123748.290241 1.119926 0
302480.825249 4123748.564189 1.118135 0
302480.977863 4123748.842474 1.116766 0
302481.131437 4123749.114531 1.115083 0
302481.297430 4123749.395075 1.113218 0
302481.464242 4123749.686812 1.112271 0
302481.628783 4123749.981496 1.110166 0
302481.790061 4123750.253699 1.108152 0
302481.971235 4123750.567822 1.105495 0
302482.131493 4123750.837348 1.103689 0
302482.303381 4123751.135530 1.103044 0
302482.464137 4123751.415223 1.103648 0
302482.621835 4123751.688837 1.102709 0
302482.782091 4123751.963750 1.103494 0
302482.941894 4123752.228918 1.102936 0
302483.106459 4123752.519303 1.103837 0
302483.262720 4123752.786322 1.103414 0
302483.422896 4123753.064351 1.104179 0
302483.595326 4123753.361065 1.102378 0
302483.766251 4123753.637469 1.098779 0
302483.917314 4123753.902744 1.095428 0
302484.087347 4123754.195774 1.095731 0
302484.264741 4123754.483135 1.095768 0
302484.434259 4123754.773951 1.093981 0
302484.604147 4123755.074168 1.103541 0
302484.751577 4123755.359947 1.117192 0
302484.902082 4123755.655530 1.128821 0
302485.048115 4123755.940197 1.130811 0
302485.189986 4123756.230940 1.129539 0
302485.336865 4123756.516311 1.128874 0
302485.481261 4123756.788873 1.129201 0
302485.635987 4123757.076927 1.126224 0
302485.794075 4123757.371665 1.122391 0
302485.958764 4123757.658326 1.121520 0
302486.122119 4123757.947656 1.121213 0
302486.275015 4123758.213301 1.119925 0
302486.431598 4123758.487325 1.118633 0
302486.593225 4123758.778647 1.117937 0
302486.756681 4123759.067517 1.115842 0
302486.924369 4123759.363198 1.114091 0
302487.083364 4123759.645705 1.113760 0
302487.229090 4123759.914893 1.120338 0
302487.389493 4123760.211228 1.121243 0
302487.547692 4123760.500180 1.121307 0
302487.707545 4123760.785236 1.121415 0
302487.867696 4123761.067203 1.121449 0
302488.024805 4123761.349876 1.121619 0
302488.171535 4123761.612869 1.121020 0
302488.346926 4123761.924239 1.121558 0
302488.513782 4123762.232949 1.120631 0
302488.659572 4123762.502730 1.120595 0
302488.806582 4123762.768599 1.120924 0
302488.967240 4123763.061620 1.119938 0
302489.118873 4123763.337017 1.120397 0
302489.277193 4123763.623682 1.121259 0
302489.422459 4123763.887310 1.122414 0
302489.591597 4123764.201212 1.121734 0
302489.754273 4123764.500912 1.122110 0
302489.906451 4123764.773709 1.124661 0
302490.071831 4123765.075909 1.124675 0
302490.232692 4123765.364119 1.124192 0
302490.381663 4123765.637687 1.123986 0
302490.538887 4123765.926583 1.123172 0
302490.685756 4123766.193675 1.123039 0
302490.837400 4123766.469423 1.122786 0
302490.987252 4123766.743608 1.123105 0
302491.128970 4123767.016956 1.125096 0
302491.286388 4123767.310165 1.124734 0
302491.437327 4123767.590502 1.124960 0
302491.593417 4123767.875089 1.124814 0
302491.756754 4123768.162912 1.125263 0
302491.913617 4123768.441848 1.124507 0
302492.066866 4123768.717835 1.124232 0
302492.224207 4123769.009838 1.123830 0
302492.370553 4123769.271941 1.124310 0
302492.519985 4123769.538185 1.123884 0
302492.671234 4123769.813541 1.123660 0
302492.842501 4123770.124835 1.123578 0
302493.008315 4123770.430668 1.121324 0
302493.167205 4123770.723758 1.120407 0
302493.328719 4123771.007647 1.120642 0
302493.478612 4123771.289129 1.118921 0
302493.634090 4123771.581733 1.118636 0
302493.804932 4123771.899160 1.120206 0
302493.969281 4123772.192597 1.119461 0
302494.137178 4123772.484304 1.118744 0
302494.300840 4123772.769186 1.118604 0
302494.458416 4123773.042752 1.117414 0
302494.615352 4123773.320276 1.116120 0
302494.773463 4123773.607629 1.116320 0
302494.932585 4123773.888657 1.116145 0
302495.088504 4123774.160381 1.115709 0
302495.257195 4123774.462112 1.114474 0
302495.423510 4123774.752157 1.112844 0
302495.577917 4123775.015669 1.114219 0
302495.751584 4123775.316751 1.109949 0
302495.911159 4123775.592394 1.103135 0
302496.080970 4123775.883791 1.101587 0
302496.245497 4123776.166425 1.099614 0
302496.405231 4123776.442764 1.097992 0
