302493.144912 4123781.090885 -2.001235 0
302493.007202 4123780.809763 -1.998201 0
302492.841761 4123780.536920 -1.999659 0
302492.674517 4123780.258726 -2.000393 0
302492.493457 4123780.013813 -2.001477 0
302492.323669 4123779.748723 -2.001327 0
302492.165390 4123779.481684 -1.996172 0
302492.028318 4123779.197397 -1.991802 0
302491.887335 4123778.908325 -1.989745 0
302491.731237 4123778.633815 -1.984641 0
302491.573144 4123778.355995 -1.982366 0
302491.411607 4123778.072611 -1.979968 0
302491.267823 4123777.808020 -1.976198 0
302491.106008 4123777.520932 -1.972343 0
302490.950027 4123777.243574 -1.973147 0
302490.801854 4123776.973235 -1.974636 0
302490.639163 4123776.686678 -1.972395 0
302490.475356 4123776.393602 -1.971795 0
302490.326642 4123776.130290 -1.971748 0
302490.169115 4123775.812062 -1.969591 0
302490.038844 4123775.536602 -1.967800 0
302489.897570 4123775.262102 -1.966110 0
302489.737893 4123774.978215 -1.962281 0
302489.587675 4123774.694764 -1.960417 0
302489.418165 4123774.385074 -1.957943 0
302489.248275 4123774.091867 -1.956219 0
302489.086629 4123773.796898 -1.953732 0
302488.924049 4123773.508571 -1.954215 0
302488.780657 4123773.229673 -1.952355 0
302488.635031 4123772.958128 -1.947281 0
302488.495164 4123772.676348 -1.944202 0
302488.339512 4123772.347373 -1.938136 0
302488.183164 4123772.032658 -1.936364 0
302488.028645 4123771.730815 -1.937775 0
302487.876396 4123771.409436 -1.940288 0
302487.722507 4123771.133261 -1.937866 0
302487.543861 4123770.811678 -1.934826 0
302487.389957 4123770.529661 -1.931464 0
302487.221125 4123770.214586 -1.931118 0
302487.056148 4123769.890219 -1.931008 0
302486.905522 4123769.599486 -1.929930 0
302486.762268 4123769.323628 -1.929251 0
302486.610067 4123769.034728 -1.929998 0
302486.459052 4123768.754552 -1.934057 0
302486.317553 4123768.482882 -1.936512 0
302486.166363 4123768.190663 -1.935520 0
302486.010854 4123767.891018 -1.933472 0
302485.854434 4123767.608896 -1.933573 0
302485.687614 4123767.345692 -1.948911 0
302485.560280 4123767.072448 -1.948640 0
302485.406884 4123766.776882 -1.949881 0
302485.270168 4123766.488664 -1.947838 0
302485.120536 4123766.203060 -1.946621 0
302484.968892 4123765.896173 -1.949668 0
302484.829349 4123765.615278 -1.949566 0
302484.647698 4123765.287826 -1.949684 0
302484.487915 4123765.005140 -1.950525 0
302484.336239 4123764.725152 -1.952227 0
302484.181449 4123764.432742 -1.947749 0
302484.030557 4123764.121403 -1.950047 0
302483.888767 4123763.852302 -1.951375 0
302483.735437 4123763.588183 -1.949069 0
302483.578570 4123763.309566 -1.959774 0
302483.438562 4123763.038247 -1.961651 0
302483.285732 4123762.742055 -1.962708 0
302483.139191 4123762.478937 -1.962342 0
302482.990376 4123762.208107 -1.965066 0
302482.838736 4123761.949118 -1.962693 0
302482.665048 4123761.663538 -1.960315 0
302482.508817 4123761.395883 -1.961038 0
302482.342642 4123761.101611 -1.963383 0
302482.191591 4123760.840366 -1.964688 0
302482.026957 4123760.544558 -1.964627 0
302481.879930 4123760.264345 -1.965530 0
302481.724350 4123759.985537 -1.967483 0
302481.576515 4123759.720004 -1.969489 0
302481.422394 4123759.423074 -1.968975 0
302481.269530 4123759.130741 -1.965748 0
302481.096951 4123758.817698 -1.964666 0
302480.948634 4123758.550907 -1.965430 0
302480.773495 4123758.236688 -1.964524 0
302480.620798 4123757.975997 -1.963681 0
302480.468479 4123757.707130 -1.964027 0
302480.311912 4123757.440673 -1.961354 0
302480.156926 4123757.177951 -1.965053 0
302480.005661 4123756.913354 -1.966916 0
302479.836861 4123756.618071 -1.964334 0
302479.677124 4123756.350176 -1.967906 0
302479.510693 4123756.062765 -1.970804 0
302479.357647 4123755.793654 -1.966280 0
302479.204652 4123755.510577 -1.967856 0
302479.052869 4123755.247725 -1.968250 0
302478.869396 4123754.961013 -1.969424 0
302478.696857 4123754.697510 -1.971522 0
302478.535130 4123754.408559 -1.973534 0
302478.385335 4123754.140805 -1.976944 0
302478.236893 4123753.869134 -1.979063 0
302478.073908 4123753.580532 -1.979980 0
302477.914056 4123753.321328 -1.981126 0
302477.764195 4123753.056928 -1.981034 0
302477.600481 4123752.765513 -1.982105 0
302477.447787 4123752.497362 -1.984796 0
302477.275100 4123752.185725 -1.982052 0
302477.106064 4123751.878947 -1.987506 0
302476.950053 4123751.609220 -1.987774 0
302476.782127 4123751.332745 -1.990783 0
302476.610829 4123751.043549 -1.991253 0
302476.420760 4123750.732547 -1.992798 0
302476.243336 4123750.437285 -1.991063 0
302476.088581 4123750.170078 -1.993240 0
302475.933063 4123749.905035 -1.993687 0
302475.766457 4123749.619808 -1.995289 0
302475.595033 4123749.342503 -1.996481 0
302475.426658 4123749.086776 -1.997277 0
302475.252805 4123748.815653 -1.993688 0
302475.077715 4123748.533764 -1.995647 0
302474.904023 4123748.242549 -1.995715 0
302474.739779 4123747.976132 -1.995061 0
302474.565381 4123747.696418 -1.996798 0
302474.409641 4123747.433439 -1.998768 0
302474.255060 4123747.168069 -1.998716 0
302474.086254 4123746.885585 -1.998791 0
302473.921136 4123746.628573 -1.999367 0
302473.749598 4123746.361937 -1.998464 0
302473.586716 4123746.092015 -1.998805 0
302473.428263 4123745.817633 -1.991099 0
302473.273060 4123745.541893 -1.986378 0
302473.088065 4123745.223217 -1.983523 0
302472.932658 4123744.954823 -1.979269 0
302472.786650 4123744.685121 -1.970283 0
302472.638508 4123744.420256 -1.967426 0
302472.477891 4123744.140932 -1.968639 0
302472.326130 4123743.863303 -1.967846 0
302472.184709 4123743.592752 -1.966481 0
302472.035819 4123743.310719 -1.966899 0
302471.892241 4123743.033843 -1.968646 0
302471.730269 4123742.703601 -1.968277 0
302471.568866 4123742.414603 -1.966515 0
302471.418218 4123742.152560 -1.963816 0
302471.235895 4123741.854151 -1.959675 0
302471.051813 4123741.556164 -1.958293 0
302470.895570 4123741.287530 -1.957016 0
302470.744182 4123741.006189 -1.957031 0
302470.585403 4123740.710196 -1.952383 0
302470.433431 4123740.415061 -1.951298 0
302470.278879 4123740.113313 -1.947956 0
302470.130172 4123739.812009 -1.947764 0
302469.993421 4123739.541048 -1.948114 0
302469.854272 4123739.261047 -1.945037 0
302469.691594 4123738.928955 -1.945049 0
302469.547711 4123738.644854 -1.944013 0
302469.396870 4123738.376085 -1.943686 0
302469.233186 4123738.094653 -1.941645 0
302469.068721 4123737.820952 -1.940955 0
302468.896679 4123737.508067 -1.940697 0
302468.722929 4123737.183730 -1.939091 0
302468.578016 4123736.918947 -1.937665 0
302468.437970 4123736.629105 -1.936963 0
302468.288132 4123736.324872 -1.935450 0
302468.145960 4123736.057853 -1.936905 0
302467.966672 4123735.730289 -1.946526 0
302467.785038 4123735.408305 -1.953637 0
302467.618829 4123735.091252 -1.956379 0
302467.460443 4123734.795740 -1.956659 0
302467.309058 4123734.511952 -1.957619 0
302467.166343 4123734.240088 -1.959134 0
302466.993749 4123733.924210 -1.959360 0
302466.853530 4123733.648651 -1.955649 0
302466.697037 4123733.391169 -1.967251 0
302466.523111 4123733.107633 -1.969347 0
302466.359322 4123732.839897 -1.976387 0
302466.158350 4123732.532920 -1.986464 0
302465.989570 4123732.245178 -1.988492 0
302465.832168 4123731.988962 -1.987056 0
302465.676744 4123731.710070 -1.978088 0
302465.495650 4123731.418905 -1.976233 0
302465.332932 4123731.123779 -1.971637 0
302465.177064 4123730.831160 -1.971197 0
302465.030664 4123730.562916 -1.970842 0
302464.843846 4123730.220223 -1.968508 0
302464.692495 4123729.930879 -1.967819 0
302464.507803 4123729.592949 -1.965873 0
302464.353383 4123729.312956 -1.965333 0
302464.171415 4123728.980396 -1.961741 0
302464.002544 4123728.660809 -1.960225 0
302463.841009 4123728.360057 -1.956309 0
302463.677662 4123728.049264 -1.956031 0
302463.519200 4123727.781182 -1.953080 0
302463.361735 4123727.500326 -1.952377 0
302463.216705 4123727.225197 -1.951233 0
302463.063635 4123726.947124 -1.954106 0
302462.908142 4123726.673613 -1.952613 0
302462.758040 4123726.397424 -1.951382 0
302462.610854 4123726.121050 -1.949062 0
302462.460768 4123725.836560 -1.946274 0
302462.312335 4123725.556379 -1.945892 0
302462.163277 4123725.289372 -1.944076 0
302462.016376 4123725.026391 -1.940668 0
302461.872060 4123724.756986 -1.940618 0
302461.694360 4123724.423009 -1.936578 0
302461.513400 4123724.097938 -1.935798 0
302461.347450 4123723.804031 -1.931909 0
302461.187384 4123723.508282 -1.930428 0
302461.029766 4123723.203600 -1.928693 0
302460.877088 4123722.904492 -1.926797 0
302460.708108 4123722.572191 -1.928187 0
302460.538651 4123722.246836 -1.929838 0
302460.397353 4123721.967064 -1.929813 0
302460.244735 4123721.654201 -1.927402 0
302460.079269 4123721.300148 -1.925843 0
302459.930517 4123720.995036 -1.924674 0
302459.766753 4123720.676767 -1.923606 0
302459.624168 4123720.406551 -1.925957 0
302459.461139 4123720.083897 -1.925241 0
302459.296189 4123719.751794 -1.923897 0
302459.138529 4123719.433113 -1.923996 0
302458.967870 4123719.075506 -1.926297 0
302458.800644 4123718.725292 -1.915261 0
302458.620957 4123718.360893 -1.928773 0
302458.465065 4123718.092361 -1.931392 0
302458.303576 4123717.773079 -1.929190 0
302458.123201 4123717.424833 -1.928225 0
302457.945406 4123717.109877 -1.927504 0
302457.800824 4123716.841333 -1.927534 0
302457.566696 4123716.508318 -1.963201 0
302457.370045 4123716.177594 -1.951148 0
302457.180483 4123715.865138 -1.953516 0
302456.989480 4123715.547687 -1.952059 0
302456.841059 4123715.276548 -1.949817 0
302456.634278 4123714.915949 -1.949028 0
302456.495335 4123714.647406 -1.948935 0
302456.344673 4123714.377067 -1.947586 0
302456.173440 4123714.064487 -1.948011 0
302456.008257 4123713.749385 -1.948293 0
302455.834897 4123713.444234 -1.949142 0
302455.665012 4123713.141944 -1.948597 0
302455.500060 4123712.846611 -1.948553 0
302455.330515 4123712.556696 -1.948201 0
302455.166771 4123712.276636 -1.955618 0
302454.988985 4123712.017331 -1.969028 0
302454.843268 4123711.755045 -1.979225 0
302454.668201 4123711.456866 -1.981354 0
302454.512816 4123711.179113 -1.984023 0
302454.365933 4123710.900414 -1.990007 0
302454.219996 4123710.633403 -1.990015 0
302454.062781 4123710.367191 -1.991420 0
302453.915796 4123710.099344 -1.992205 0
302453.766347 4123709.821200 -1.992748 0
302453.606210 4123709.552588 -1.993016 0
302453.397489 4123709.213798 -1.994986 0
302453.190573 4123708.878006 -1.995914 0
302452.993626 4123708.572803 -1.993841 0
302452.810276 4123708.299200 -1.993986 0
302452.637530 4123708.030838 -1.995377 0
302452.470873 4123707.776017 -1.996374 0
302452.305441 4123707.524322 -1.995219 0
302452.101155 4123707.210935 -1.996975 0
302451.938168 4123706.953632 -1.996665 0
302451.776050 4123706.694530 -1.997641 0
302451.581907 4123706.395273 -1.997615 0
302451.418183 4123706.109982 -1.997650 0
302451.252164 4123705.834564 -1.999109 0
302451.078428 4123705.547443 -1.999923 0
302450.906942 4123705.270054 -1.997352 0
302450.736337 4123705.005817 -1.999478 0
302450.560363 4123704.725862 -1.998524 0
302450.383087 4123704.443196 -1.997211 0
302450.208294 4123704.153597 -1.997575 0
302450.044879 4123703.878287 -1.998643 0
302449.883105 4123703.601179 -1.998660 0
302449.699109 4123703.311495 -1.998426 0
302449.539605 4123703.048484 -1.998234 0
302449.371078 4123702.782914 -1.999370 0
302449.214917 4123702.523884 -2.000680 0
302449.059819 4123702.254915 -1.999099 0
302448.897100 4123701.989651 -2.000479 0
302448.735140 4123701.729803 -2.000796 0
302448.573109 4123701.472055 -2.000380 0
