302563.616656 4123870.202094 -0.468342 0
302563.350645 4123870.350312 -0.467617 0
302563.620241 4123870.214583 -0.460806 0
302563.899403 4123870.064047 -0.459586 0
302564.203261 4123869.881720 -0.460120 0
302564.477043 4123869.730200 -0.457146 0
302564.750210 4123869.568515 -0.455881 0
302565.023789 4123869.402751 -0.455147 0
302565.294045 4123869.243542 -0.455750 0
302565.570707 4123869.085335 -0.454746 0
302565.837726 4123868.924505 -0.454334 0
302566.107740 4123868.764060 -0.452859 0
302566.389336 4123868.608554 -0.452895 0
302566.665426 4123868.452465 -0.452091 0
302566.931186 4123868.303173 -0.451026 0
302567.192908 4123868.149583 -0.452485 0
302567.463131 4123867.995971 -0.448332 0
302567.732200 4123867.842481 -0.446467 0
302567.996337 4123867.694644 -0.442976 0
302568.330310 4123867.540772 -0.441486 0
302568.619392 4123867.400715 -0.441745 0
302568.915860 4123867.242165 -0.441647 0
302569.193212 4123867.088771 -0.437667 0
302569.479985 4123866.927218 -0.434841 0
302569.763189 4123866.757222 -0.434288 0
302570.028248 4123866.608410 -0.431659 0
302570.298993 4123866.456179 -0.429636 0
302570.582017 4123866.298415 -0.426919 0
302570.855482 4123866.147012 -0.425069 0
302571.135487 4123865.994334 -0.424010 0
302571.425280 4123865.857929 -0.419515 0
302571.703016 4123865.737046 -0.417573 0
302571.979864 4123865.603776 -0.416992 0
302572.247077 4123865.464467 -0.415476 0
302572.531349 4123865.314214 -0.412518 0
302572.816153 4123865.176879 -0.411524 0
302573.088130 4123865.045418 -0.414161 0
302573.356761 4123864.910875 -0.414977 0
302573.622327 4123864.765349 -0.416694 0
302573.900552 4123864.603087 -0.423623 0
302574.164892 4123864.459874 -0.424589 0
302574.431288 4123864.309487 -0.426078 0
302574.698479 4123864.171795 -0.424178 0
302575.001211 4123864.022363 -0.421588 0
302575.303395 4123863.870701 -0.420408 0
302575.613285 4123863.721562 -0.420236 0
302575.893873 4123863.579625 -0.420984 0
302576.181557 4123863.434500 -0.421211 0
302576.451889 4123863.295244 -0.421815 0
302576.801419 4123863.104173 -0.421793 0
302577.120347 4123862.914152 -0.424400 0
302577.394255 4123862.746325 -0.424587 0
302577.684759 4123862.584404 -0.424287 0
302577.978896 4123862.424962 -0.423380 0
302578.247028 4123862.261207 -0.422996 0
302578.511172 4123862.105231 -0.423138 0
302578.788877 4123861.961124 -0.422084 0
302579.074692 4123861.804285 -0.426996 0
302579.352674 4123861.648884 -0.430533 0
302579.617509 4123861.492869 -0.427366 0
302579.887765 4123861.331388 -0.434359 0
302580.149954 4123861.162604 -0.447498 0
302580.408498 4123861.009685 -0.452936 0
302580.669611 4123860.857114 -0.460362 0
302580.947094 4123860.659401 -0.487650 0
302581.211424 4123860.477068 -0.493063 0
302581.492825 4123860.261679 -0.510142 0
302581.738296 4123860.073357 -0.533523 0
302582.007597 4123859.891971 -0.531214 0
302582.269253 4123859.688037 -0.541808 0
302582.499881 4123859.491256 -0.563454 0
302582.736110 4123859.302149 -0.566740 0
302582.976892 4123859.111874 -0.575690 0
302583.222272 4123858.913943 -0.576863 0
302583.456890 4123858.709696 -0.592725 0
302583.689784 4123858.504715 -0.601295 0
302583.913489 4123858.292814 -0.617232 0
302584.143862 4123858.074063 -0.637458 0
302584.361857 4123857.836928 -0.674439 0
302584.555968 4123857.593625 -0.718309 0
302584.734849 4123857.344895 -0.761113 0
302584.905838 4123857.084559 -0.800676 0
302585.061908 4123856.819636 -0.841237 0
302585.246956 4123856.568392 -0.856054 0
302585.431120 4123856.320765 -0.876667 0
302585.568337 4123856.052976 -0.913582 0
302585.715583 4123855.790445 -0.931051 0
302585.857036 4123855.509549 -0.956629 0
302586.012547 4123855.206138 -0.995837 0
302586.126530 4123854.925901 -1.029171 0
302586.257335 4123854.628231 -1.047090 0
302586.359905 4123854.323506 -1.073769 0
302586.457767 4123853.998788 -1.118072 0
302586.546282 4123853.665325 -1.165150 0
302586.603838 4123853.350787 -1.199288 0
302586.642075 4123853.024550 -1.233693 0
302586.698625 4123852.712405 -1.248524 0
302586.759516 4123852.415694 -1.261011 0
302586.822332 4123852.114404 -1.281131 0
302586.879498 4123851.803040 -1.302419 0
302586.916818 4123851.469293 -1.332473 0
302586.918389 4123851.156947 -1.367013 0
302586.901628 4123850.842656 -1.403179 0
302586.910519 4123850.505122 -1.431582 0
302586.901312 4123850.195414 -1.454513 0
302586.903739 4123849.846108 -1.470129 0
302586.923552 4123849.530414 -1.477458 0
302586.946730 4123849.168064 -1.477820 0
302586.959280 4123848.860096 -1.486952 0
302586.935314 4123848.551445 -1.508173 0
302586.881502 4123848.227386 -1.535139 0
302586.829166 4123847.930032 -1.557810 0
302586.770570 4123847.600633 -1.581618 0
302586.717024 4123847.221122 -1.610912 0
302586.638235 4123846.881632 -1.649168 0
302586.534982 4123846.564694 -1.692821 0
302586.450260 4123846.240780 -1.732361 0
302586.347188 4123845.938325 -1.771147 0
302586.247897 4123845.625921 -1.789212 0
302586.151697 4123845.320943 -1.801370 0
302586.064232 4123845.024466 -1.802287 0
302585.962235 4123844.720439 -1.807132 0
302585.847292 4123844.428748 -1.815037 0
302585.732770 4123844.149158 -1.814289 0
302585.629282 4123843.824483 -1.816492 0
302585.495558 4123843.485462 -1.835297 0
302585.366491 4123843.194925 -1.858845 0
302585.232851 4123842.893871 -1.863059 0
302585.093263 4123842.568433 -1.866003 0
302584.961320 4123842.273108 -1.886814 0
302584.825136 4123841.956602 -1.905846 0
302584.688870 4123841.671331 -1.920822 0
302584.577017 4123841.374715 -1.920858 0
302584.454592 4123841.077959 -1.921645 0
302584.323050 4123840.779944 -1.917514 0
302584.180859 4123840.497522 -1.932663 0
302584.011213 4123840.199080 -1.946953 0
302583.860901 4123839.893437 -1.948509 0
302583.705396 4123839.592349 -1.963894 0
302583.509399 4123839.285495 -1.986526 0
302583.350679 4123838.983478 -1.983519 0
302583.201560 4123838.720186 -1.985712 0
302583.050145 4123838.441287 -1.987796 0
302582.893629 4123838.158567 -1.994661 0
302582.737581 4123837.874190 -1.988368 0
302582.567322 4123837.548437 -1.993445 0
302582.407666 4123837.271638 -1.997395 0
302582.253951 4123837.008726 -1.998118 0
302582.095527 4123836.736777 -1.997972 0
302581.951530 4123836.459945 -1.996001 0
302581.806473 4123836.171945 -1.995100 0
302581.671472 4123835.902339 -1.988978 0
302581.527512 4123835.621125 -1.991879 0
302581.365533 4123835.345540 -1.991657 0
302581.198161 4123835.074364 -1.993071 0
302581.054616 4123834.791674 -1.990366 0
302580.908958 4123834.518860 -1.993489 0
302580.769870 4123834.244666 -1.993993 0
302580.602402 4123833.955694 -1.994333 0
302580.458139 4123833.678044 -1.996980 0
302580.323389 4123833.405255 -1.998804 0
302580.179598 4123833.070401 -1.997569 0
302580.030715 4123832.797902 -1.999264 0
302579.881429 4123832.502054 -2.003281 0
302579.718834 4123832.189245 -2.001700 0
302579.533698 4123831.872984 -1.999817 0
302579.367367 4123831.586019 -2.002245 0
302579.184782 4123831.282646 -1.997222 0
302579.021140 4123831.011013 -1.993884 0
302578.910001 4123830.729338 -1.984623 0
302578.771648 4123830.453657 -1.983193 0
302578.618818 4123830.194966 -1.981461 0
302578.491340 4123829.923189 -1.979810 0
