302578.679361 4123823.058081 1.110479 0
302578.823884 4123823.332680 1.108529 0
302578.982432 4123823.635301 1.111358 0
302579.155418 4123823.913165 1.106611 0
302579.328638 4123824.188145 1.107551 0
302579.482653 4123824.449289 1.107757 0
302579.642785 4123824.746509 1.106438 0
302579.810499 4123825.027695 1.108045 0
302579.963010 4123825.301323 1.110154 0
302580.118968 4123825.575388 1.108224 0
302580.285517 4123825.846918 1.111869 0
302580.466057 4123826.123614 1.108124 0
302580.625520 4123826.388648 1.112859 0
302580.790213 4123826.689628 1.113992 0
302580.953896 4123826.992270 1.110381 0
302581.122881 4123827.275115 1.110318 0
302581.286874 4123827.553855 1.112274 0
302581.456994 4123827.817523 1.110929 0
302581.607182 4123828.078652 1.119773 0
302581.775760 4123828.329596 1.116915 0
302581.944368 4123828.617887 1.121294 0
302582.110403 4123828.924847 1.121495 0
302582.244559 4123829.196195 1.125044 0
302582.412365 4123829.482227 1.127629 0
302582.561798 4123829.764560 1.129883 0
302582.697571 4123830.036170 1.128876 0
302582.847361 4123830.315827 1.133942 0
302582.997841 4123830.595334 1.136267 0
302583.146275 4123830.866173 1.138653 0
302583.299477 4123831.144964 1.136137 0
302583.447653 4123831.422668 1.140794 0
302583.584595 4123831.696354 1.140615 0
302583.737309 4123831.990130 1.144828 0
302583.887921 4123832.259566 1.144422 0
302584.035467 4123832.530170 1.144378 0
302584.186793 4123832.825514 1.144092 0
302584.361587 4123833.142859 1.152183 0
302584.520846 4123833.418778 1.149595 0
302584.686818 4123833.714834 1.152906 0
302584.815806 4123833.997102 1.154548 0
302584.950946 4123834.267626 1.159505 0
302585.104383 4123834.527866 1.162264 0
302585.293096 4123834.841767 1.159544 0
302585.456490 4123835.120080 1.160537 0
302585.613294 4123835.407193 1.156982 0
302585.756780 4123835.702094 1.159056 0
302585.916596 4123836.010929 1.164016 0
302586.091462 4123836.316806 1.160628 0
302586.243006 4123836.605875 1.162098 0
302586.382870 4123836.892330 1.158187 0
302586.534822 4123837.151938 1.149490 0
302586.680679 4123837.426164 1.146789 0
302586.832446 4123837.716447 1.149147 0
302586.990857 4123837.989309 1.149472 0
302587.145542 4123838.256723 1.148608 0
302587.299896 4123838.529567 1.149293 0
302587.448325 4123838.806776 1.148404 0
302587.594527 4123839.086420 1.145658 0
302587.735451 4123839.370216 1.146295 0
302587.880978 4123839.648731 1.148212 0
302588.023200 4123839.917463 1.147172 0
302588.170614 4123840.180625 1.145509 0
302588.324238 4123840.440607 1.145820 0
302588.456231 4123840.718323 1.156849 0
302588.579636 4123841.007007 1.171424 0
302588.720761 4123841.295524 1.173782 0
302588.881261 4123841.582678 1.175967 0
302589.002626 4123841.878433 1.208316 0
302589.105667 4123842.169264 1.245145 0
302589.223126 4123842.448651 1.258365 0
302589.359604 4123842.718416 1.247220 0
302589.485737 4123843.011595 1.245749 0
302589.597171 4123843.293699 1.245110 0
302589.707291 4123843.586354 1.251714 0
302589.818049 4123843.891267 1.257415 0
302589.936936 4123844.210338 1.260660 0
302590.039879 4123844.501112 1.276338 0
302590.153644 4123844.809867 1.293005 0
302590.260901 4123845.124327 1.321860 0
302590.327435 4123845.432706 1.362243 0
302590.377848 4123845.734501 1.397924 0
302590.426228 4123846.045217 1.435315 0
302590.474356 4123846.377305 1.472188 0
302590.547624 4123846.716994 1.476815 0
302590.610532 4123847.011268 1.479892 0
302590.651353 4123847.320579 1.483807 0
302590.678812 4123847.646282 1.503335 0
302590.711369 4123847.981200 1.518780 0
302590.748347 4123848.294081 1.523550 0
302590.775812 4123848.649259 1.537855 0
302590.795584 4123848.957587 1.555678 0
302590.810581 4123849.275665 1.582021 0
302590.808562 4123849.590533 1.610246 0
302590.778139 4123849.936796 1.638708 0
302590.732712 4123850.281459 1.665369 0
302590.697809 4123850.623105 1.689029 0
302590.681340 4123850.952796 1.709836 0
302590.646814 4123851.272511 1.734354 0
302590.607117 4123851.580535 1.759892 0
302590.580720 4123851.879636 1.771158 0
302590.567845 4123852.180962 1.778575 0
302590.540730 4123852.479875 1.787144 0
302590.478318 4123852.817635 1.792776 0
302590.427840 4123853.118479 1.798643 0
302590.346691 4123853.471199 1.820254 0
302590.261404 4123853.780585 1.848485 0
302590.173553 4123854.076852 1.877314 0
302590.051145 4123854.412901 1.917364 0
302589.924632 4123854.712688 1.966900 0
302589.777189 4123854.982066 2.022641 0
302589.610008 4123855.245839 2.086628 0
302589.463328 4123855.517402 2.110597 0
302589.328534 4123855.840073 2.115371 0
302589.187528 4123856.120046 2.120166 0
302589.046266 4123856.390826 2.123949 0
302588.879199 4123856.686712 2.131147 0
302588.736069 4123856.962226 2.132626 0
302588.588757 4123857.238474 2.134295 0
302588.425775 4123857.523400 2.144139 0
302588.260221 4123857.798654 2.156130 0
302588.109601 4123858.061780 2.165379 0
302587.957461 4123858.323204 2.167661 0
302587.790653 4123858.611422 2.168624 0
302587.621649 4123858.890038 2.180921 0
302587.422675 4123859.189254 2.198801 0
302587.256585 4123859.444919 2.201994 0
302587.076265 4123859.703523 2.222763 0
302586.898157 4123859.960098 2.245364 0
302586.705152 4123860.230242 2.258497 0
302586.496732 4123860.516823 2.280022 0
302586.253141 4123860.771241 2.329994 0
302586.033589 4123860.993560 2.372743 0
302585.802728 4123861.225296 2.407107 0
302585.538809 4123861.455192 2.453013 0
302585.275104 4123861.647868 2.498800 0
302584.997116 4123861.830854 2.542859 0
302584.731020 4123862.002966 2.579121 0
302584.430407 4123862.188633 2.623169 0
302584.169066 4123862.373904 2.639370 0
302583.892383 4123862.573895 2.641907 0
302583.632446 4123862.742234 2.644729 0
302583.378768 4123862.903038 2.650451 0
302583.088662 4123863.091593 2.652809 0
302582.802057 4123863.267133 2.654981 0
302582.536539 4123863.437536 2.657755 0
302582.282193 4123863.597364 2.659615 0
302582.015065 4123863.755045 2.661744 0
302581.751557 4123863.911446 2.665038 0
302581.471978 4123864.088185 2.665814 0
302581.204170 4123864.258996 2.665689 0
302580.951022 4123864.422396 2.665726 0
302580.652329 4123864.611130 2.668334 0
302580.397318 4123864.771139 2.671386 0
302580.133902 4123864.925982 2.679481 0
302579.847091 4123865.110796 2.684242 0
302579.571877 4123865.283366 2.688904 0
302579.312433 4123865.451162 2.688727 0
302579.035657 4123865.625966 2.691152 0
302578.744849 4123865.804482 2.692603 0
302578.463844 4123865.969973 2.695173 0
302578.188556 4123866.121433 2.696319 0
302577.922459 4123866.267877 2.696490 0
302577.647761 4123866.433064 2.701112 0
302577.366816 4123866.593400 2.699564 0
302577.093973 4123866.742362 2.701188 0
302576.798056 4123866.896992 2.701444 0
302576.528274 4123867.044692 2.705223 0
302576.226134 4123867.212138 2.707245 0
302575.950291 4123867.378842 2.710456 0
302575.654485 4123867.548054 2.711756 0
302575.382732 4123867.707638 2.712091 0
302575.088521 4123867.881014 2.717032 0
302574.785090 4123868.061803 2.721069 0
302574.499568 4123868.216862 2.723116 0
302574.197579 4123868.387406 2.721230 0
302573.937963 4123868.543455 2.714183 0
302573.666206 4123868.704017 2.715626 0
302573.398620 4123868.853129 2.714457 0
302573.130438 4123869.001968 2.712627 0
302572.862478 4123869.150438 2.715412 0
302572.604087 4123869.303605 2.714984 0
302572.322234 4123869.470504 2.718343 0
302572.053528 4123869.627210 2.716827 0
302571.794893 4123869.782697 2.717819 0
302571.536239 4123869.941389 2.718033 0
302571.277126 4123870.095418 2.718703 0
302571.013275 4123870.238686 2.717776 0
302570.740178 4123870.386145 2.716169 0
302570.478533 4123870.543431 2.715370 0
302570.196688 4123870.691995 2.714865 0
302569.931000 4123870.857042 2.713086 0
302569.675767 4123871.022347 2.712908 0
302569.414399 4123871.170573 2.713179 0
