302473.610306 4123846.943835 1.997430 1
302473.485842 4123846.665798 1.995031 1
302473.348888 4123846.390684 1.993501 1
302473.181147 4123846.140839 2.001209 1
302472.995875 4123845.887449 2.021367 1
302472.834793 4123845.624546 2.023380 1
302472.670373 4123845.358641 2.025324 1
302472.499399 4123845.080443 2.027750 1
302472.326825 4123844.799092 2.029417 1
302472.167086 4123844.539526 2.027572 1
302472.004384 4123844.261865 2.027676 1
302471.847783 4123844.005778 2.027564 1
302471.664435 4123843.705312 2.027556 1
302471.502547 4123843.425459 2.027670 1
302471.341909 4123843.154340 2.026698 1
302471.185998 4123842.858380 2.015675 1
302471.027580 4123842.576106 2.012483 1
302470.873573 4123842.304077 2.008079 1
302470.726030 4123842.026355 2.000435 1
302470.561588 4123841.750304 1.995900 1
302470.402750 4123841.485124 1.994259 1
302470.257663 4123841.201563 1.990786 1
302470.089021 4123840.905089 1.992480 1
302469.942151 4123840.614875 1.992764 1
302469.790910 4123840.350866 1.993798 1
302469.612552 4123840.069878 1.993959 1
302469.449481 4123839.800601 1.992273 1
302469.279976 4123839.524828 1.995063 1
302469.133754 4123839.258171 1.992014 1
302468.981159 4123838.987489 1.990702 1
302468.812446 4123838.707759 1.991879 1
302468.663727 4123838.446848 1.990900 1
302468.493590 4123838.160984 1.991336 1
302468.343703 4123837.891713 1.992096 1
302468.186132 4123837.609318 1.995100 1
302468.027147 4123837.315029 1.997246 1
302467.881213 4123837.011189 1.997918 1
302467.726442 4123836.744996 1.999713 1
302467.561463 4123836.476306 1.997242 1
302467.406380 4123836.218254 1.995181 1
302467.242381 4123835.946251 1.988553 1
302467.087068 4123835.649731 1.980274 1
302466.934007 4123835.362509 1.978762 1
302466.785243 4123835.101106 1.978770 1
302466.632433 4123834.804589 1.976751 1
302466.489548 4123834.510154 1.972294 1
302466.327560 4123834.179868 1.971407 1
302466.174889 4123833.885305 1.967998 1
302466.009263 4123833.577815 1.964467 1
302465.863402 4123833.308189 1.959656 1
302465.715967 4123833.001085 1.955007 1
302465.562168 4123832.688145 1.950113 1
302465.412894 4123832.404577 1.949085 1
302465.256509 4123832.096756 1.943585 1
302465.103350 4123831.791841 1.942665 1
302464.951266 4123831.476402 1.934372 1
302464.803606 4123831.170543 1.934065 1
302464.654901 4123830.869518 1.926555 1
302464.515226 4123830.581392 1.921238 1
302464.387768 4123830.306175 1.917606 1
302464.248788 4123830.015522 1.913605 1
302464.129620 4123829.727669 1.909027 1
302463.986996 4123829.435512 1.903794 1
302463.844178 4123829.139180 1.897599 1
302463.736596 4123828.858948 1.888001 1
302463.619352 4123828.570580 1.881955 1
302463.492843 4123828.264623 1.875400 1
302463.372837 4123827.948763 1.865164 1
302463.252284 4123827.614888 1.852476 1
302463.147742 4123827.314244 1.836389 1
302463.043548 4123826.992728 1.821150 1
302462.954255 4123826.679967 1.798143 1
302462.872178 4123826.373626 1.772182 1
302462.796546 4123826.062924 1.745593 1
302462.722002 4123825.745224 1.728047 1
302462.656955 4123825.439717 1.715632 1
302462.587533 4123825.133517 1.710155 1
302462.529694 4123824.834276 1.695479 1
302462.482591 4123824.533382 1.683191 1
302462.432262 4123824.231610 1.670702 1
302462.393707 4123823.931550 1.651799 1
302462.351469 4123823.616448 1.639545 1
302462.304851 4123823.282069 1.629477 1
302462.253821 4123822.946347 1.617437 1
302462.217200 4123822.646099 1.605140 1
302462.191991 4123822.322224 1.593057 1
302462.169884 4123822.001732 1.581606 1
302462.146387 4123821.699062 1.567778 1
302462.126883 4123821.364150 1.548332 1
302462.133722 4123821.045642 1.527423 1
302462.149401 4123820.712730 1.501591 1
302462.175606 4123820.383711 1.472221 1
302462.218112 4123820.081581 1.433628 1
302462.263181 4123819.737724 1.394720 1
302462.302426 4123819.431920 1.375687 1
302462.344655 4123819.099687 1.369955 1
302462.372522 4123818.779563 1.363458 1
302462.419003 4123818.444338 1.343662 1
302462.486648 4123818.117925 1.319931 1
302462.572727 4123817.796581 1.300088 1
302462.657937 4123817.490224 1.265428 1
302462.758131 4123817.194704 1.224796 1
302462.871780 4123816.901080 1.190615 1
302462.980887 4123816.611939 1.167216 1
302463.100613 4123816.273727 1.150534 1
302463.204750 4123815.976939 1.139435 1
302463.351412 4123815.626802 1.119152 1
302463.485520 4123815.337907 1.095266 1
302463.611354 4123815.041602 1.079080 1
302463.742824 4123814.739886 1.062410 1
302463.907004 4123814.445620 1.033442 1
302464.067095 4123814.181794 1.010936 1
302464.243608 4123813.884310 0.988663 1
302464.428570 4123813.585266 0.953256 1
302464.605997 4123813.313579 0.927826 1
302464.792668 4123813.035543 0.900992 1
302465.007332 4123812.745299 0.874471 1
302465.218988 4123812.471415 0.853145 1
302465.405098 4123812.225811 0.843981 1
302465.608337 4123811.963812 0.844202 1
302465.802766 4123811.724942 0.840836 1
302466.031736 4123811.450448 0.825793 1
302466.277146 4123811.186645 0.813345 1
302466.469844 4123810.955821 0.800083 1
302466.680408 4123810.673765 0.776747 1
302466.875802 4123810.438075 0.759579 1
302467.077721 4123810.205706 0.737952 1
302467.322464 4123809.969087 0.724435 1
302467.549088 4123809.769447 0.697860 1
302467.796299 4123809.545249 0.660123 1
302468.069534 4123809.332563 0.631580 1
302468.336783 4123809.131892 0.606024 1
302468.590878 4123808.931264 0.600246 1
302468.872151 4123808.737682 0.581981 1
302469.136012 4123808.566393 0.563171 1
302469.410587 4123808.396482 0.543142 1
302469.700738 4123808.208529 0.519121 1
302469.954013 4123808.038692 0.506391 1
302470.195340 4123807.855269 0.497736 1
302470.457941 4123807.677436 0.493978 1
302470.716903 4123807.495442 0.490361 1
302471.020456 4123807.308838 0.489907 1
302471.305898 4123807.136349 0.482981 1
302471.591567 4123806.966904 0.472072 1
302471.884548 4123806.804989 0.462016 1
302472.147756 4123806.660367 0.448423 1
302472.435181 4123806.492437 0.440310 1
302472.714036 4123806.306022 0.438349 1
302473.001501 4123806.119405 0.430930 1
302473.266736 4123805.956692 0.429540 1
302473.537468 4123805.782120 0.429184 1
302473.801458 4123805.632863 0.426016 1
302474.090475 4123805.469819 0.425906 1
302474.368754 4123805.319080 0.417082 1
302474.656416 4123805.146613 0.415661 1
302474.914419 4123804.987116 0.414666 1
302475.205984 4123804.822321 0.408127 1
302475.481970 4123804.675470 0.401932 1
302475.783856 4123804.517429 0.403608 1
302476.059639 4123804.362177 0.407463 1
302476.328932 4123804.211504 0.401694 1
302476.617539 4123804.059139 0.395725 1
302476.919041 4123803.903337 0.391603 1
302477.191632 4123803.757954 0.396630 1
302477.501207 4123803.592897 0.400271 1
302477.780627 4123803.458151 0.401159 1
302478.086119 4123803.301329 0.401720 1
302478.353842 4123803.143486 0.401068 1
302478.637252 4123802.975783 0.397737 1
302478.919768 4123802.816407 0.401596 1
302479.201520 4123802.648989 0.402268 1
302479.463976 4123802.494402 0.401397 1
302479.737545 4123802.319393 0.403159 1
302480.018661 4123802.172563 0.406480 1
302480.299577 4123802.035876 0.410978 1
302480.579941 4123801.893566 0.417060 1
302480.849330 4123801.740785 0.419313 1
302481.133956 4123801.580652 0.418957 1
302481.429961 4123801.407911 0.420133 1
302481.718355 4123801.245378 0.418650 1
302481.998137 4123801.096951 0.422255 1
302482.268515 4123800.952328 0.423825 1
302482.571737 4123800.778007 0.426418 1
302482.872148 4123800.606970 0.426957 1
302483.148829 4123800.428723 0.425132 1
302483.402620 4123800.267611 0.426414 1
302483.690592 4123800.090335 0.425376 1
302483.955095 4123799.929437 0.424436 1
302484.228161 4123799.789603 0.426106 1
302484.524499 4123799.629084 0.424132 1
302484.812029 4123799.461361 0.423905 1
302485.117686 4123799.287008 0.424126 1
302485.437860 4123799.116688 0.422096 1
302485.721817 4123798.978110 0.419885 1
302486.006737 4123798.831246 0.420741 1
302486.304228 4123798.665137 0.414876 1
302486.590983 4123798.509525 0.410756 1
302486.854766 4123798.353271 0.413699 1
302487.134159 4123798.192198 0.413448 1
302487.396818 4123798.044304 0.415052 1
302487.659374 4123797.897817 0.413283 1
302487.942873 4123797.736887 0.412564 1
302488.211415 4123797.594691 0.417912 1
302488.489816 4123797.443108 0.414573 1
302488.788188 4123797.283401 0.413290 1
302489.080731 4123797.124414 0.414227 1
302489.364461 4123796.955882 0.413819 1
302489.637421 4123796.798187 0.413777 1
302489.915377 4123796.631172 0.411849 1
302490.177552 4123796.480277 0.411224 1
302490.440196 4123796.334606 0.413385 1
