298530.921456 4137860.345797 0.292757 0
298531.225332 4137860.407341 0.296892 0
298531.522300 4137860.496971 0.311181 0
298531.817561 4137860.576410 0.324629 0
298532.117020 4137860.662923 0.335525 0
298532.432497 4137860.741278 0.342707 0
298532.725054 4137860.821684 0.351620 0
298533.044904 4137860.895519 0.357106 0
298533.355274 4137860.978184 0.353971 0
298533.673751 4137861.051258 0.338660 0
298534.005803 4137861.116344 0.317878 0
298534.309239 4137861.142591 0.282219 0
298534.633974 4137861.156606 0.243392 0
298534.961303 4137861.185363 0.227420 0
298535.263994 4137861.223544 0.216168 0
298535.577050 4137861.234498 0.185817 0
298535.897829 4137861.240846 0.151512 0
298536.202905 4137861.241616 0.127249 0
298536.511786 4137861.239008 0.112010 0
298536.847001 4137861.217550 0.087051 0
298537.179299 4137861.178013 0.059617 0
298537.520638 4137861.129839 0.028895 0
298537.829619 4137861.073518 -0.000002 0
298538.146636 4137861.034765 -0.006808 0
298538.449716 4137860.996971 -0.007309 0
298538.752921 4137860.948637 -0.023693 0
298539.052730 4137860.861966 -0.062802 0
298539.343082 4137860.765434 -0.098120 0
298539.658785 4137860.684935 -0.110123 0
298539.982904 4137860.612782 -0.114187 0
298540.287208 4137860.541874 -0.123709 0
298540.604648 4137860.451157 -0.137467 0
298540.915335 4137860.361225 -0.151427 0
298541.260026 4137860.242455 -0.165295 0
298541.581189 4137860.117370 -0.186123 0
298541.892701 4137859.992648 -0.214575 0
298542.208049 4137859.866138 -0.245184 0
298542.502921 4137859.750351 -0.274006 0
298542.811064 4137859.615568 -0.307511 0
298543.127201 4137859.447052 -0.338164 0
298543.384237 4137859.285802 -0.360516 0
298543.658263 4137859.143693 -0.368699 0
298543.930703 4137858.977722 -0.383236 0
298544.218736 4137858.776523 -0.402456 0
298544.464194 4137858.597371 -0.420495 0
298544.713701 4137858.417346 -0.437621 0
298544.974800 4137858.235357 -0.455366 0
298545.240415 4137858.064863 -0.459485 0
298545.513936 4137857.896343 -0.461231 0
298545.771117 4137857.737633 -0.461570 0
298546.047056 4137857.521554 -0.485341 0
298546.280799 4137857.331799 -0.513053 0
298546.512601 4137857.139163 -0.537432 0
298546.743608 4137856.941773 -0.553817 0
298546.970025 4137856.726412 -0.575651 0
298547.211931 4137856.497539 -0.598917 0
298547.478299 4137856.268772 -0.601088 0
298547.721449 4137856.085315 -0.588908 0
298547.992712 4137855.889125 -0.577184 0
298548.262469 4137855.674677 -0.571455 0
298548.540784 4137855.472741 -0.559973 0
298548.813554 4137855.261821 -0.554308 0
298549.077433 4137855.055292 -0.553960 0
298549.318306 4137854.864632 -0.552927 0
298549.577553 4137854.675139 -0.552243 0
298549.844944 4137854.471561 -0.550782 0
298550.099051 4137854.268097 -0.551038 0
298550.343777 4137854.060316 -0.564186 0
298550.576250 4137853.864741 -0.568583 0
298550.847747 4137853.644958 -0.570181 0
298551.116264 4137853.426118 -0.569350 0
298551.388424 4137853.199858 -0.572089 0
298551.625928 4137853.010314 -0.573308 0
298551.887464 4137852.805076 -0.574864 0
298552.131854 4137852.601929 -0.574852 0
298552.405487 4137852.377962 -0.577590 0
298552.648186 4137852.184250 -0.578133 0
298552.911112 4137851.974331 -0.579125 0
298553.186941 4137851.747819 -0.580574 0
298553.416382 4137851.551186 -0.582416 0
298553.652083 4137851.358582 -0.583930 0
298553.892255 4137851.156328 -0.585375 0
298554.152644 4137850.946283 -0.588524 0
298554.391907 4137850.758491 -0.577915 0
298554.662171 4137850.549932 -0.566102 0
298554.926252 4137850.331581 -0.565597 0
298555.205058 4137850.110073 -0.563325 0
298555.444112 4137849.915740 -0.561368 0
298555.709037 4137849.706644 -0.559211 0
298555.949817 4137849.494027 -0.569101 0
298556.191374 4137849.310608 -0.570341 0
298556.468271 4137849.088715 -0.571925 0
298556.713122 4137848.903838 -0.570103 0
298556.972098 4137848.683268 -0.575451 0
298557.220608 4137848.472047 -0.581286 0
298557.451136 4137848.269229 -0.588977 0
298557.673048 4137848.061520 -0.604497 0
298557.882108 4137847.827998 -0.636447 0
298558.114824 4137847.557978 -0.678446 0
298558.315775 4137847.333211 -0.708085 0
298558.565535 4137847.073675 -0.709025 0
298558.777805 4137846.845600 -0.716378 0
298558.979818 4137846.605135 -0.735645 0
298559.167549 4137846.354567 -0.754656 0
298559.350964 4137846.106569 -0.772577 0
298559.558522 4137845.827856 -0.791700 0
298559.733954 4137845.577816 -0.811403 0
298559.924524 4137845.266796 -0.845565 0
298560.060084 4137844.996544 -0.879810 0
298560.209709 4137844.667494 -0.926320 0
298560.339103 4137844.392846 -0.954097 0
298560.484302 4137844.105241 -0.979160 0
298560.602357 4137843.815709 -1.008244 0
298560.699087 4137843.517950 -1.041337 0
298560.793804 4137843.220996 -1.073477 0
298560.884574 4137842.921231 -1.105072 0
298560.969874 4137842.606439 -1.136340 0
298561.031757 4137842.293742 -1.170391 0
298561.088539 4137841.995262 -1.205831 0
298561.122523 4137841.668191 -1.251220 0
298561.139963 4137841.351674 -1.294477 0
298561.134120 4137840.995363 -1.344864 0
298561.125171 4137840.683904 -1.385263 0
298561.112096 4137840.334705 -1.426117 0
298561.066291 4137840.033850 -1.467637 0
298561.008736 4137839.692256 -1.504803 0
298560.973933 4137839.375214 -1.524451 0
298560.913386 4137839.065962 -1.545174 0
298560.853223 4137838.751959 -1.576355 0
298560.790552 4137838.447169 -1.606313 0
298560.723184 4137838.141235 -1.635675 0
298560.649139 4137837.846119 -1.666505 0
298560.555954 4137837.558848 -1.694807 0
298560.460692 4137837.249833 -1.719841 0
298560.347081 4137836.944640 -1.754198 0
298560.227635 4137836.658909 -1.786102 0
298560.079996 4137836.336476 -1.821138 0
298559.935580 4137836.040269 -1.847478 0
298559.791332 4137835.749747 -1.867178 0
298559.641058 4137835.461056 -1.891487 0
298559.485240 4137835.199180 -1.925258 0
298559.284713 4137834.906372 -1.971378 0
298559.100310 4137834.640876 -2.006264 0
298558.900811 4137834.385160 -2.039093 0
298558.708500 4137834.140103 -2.066179 0
298558.505749 4137833.888901 -2.086374 0
298558.315013 4137833.638077 -2.097678 0
298558.113650 4137833.403675 -2.121369 0
298557.892902 4137833.186833 -2.159540 0
298557.661844 4137832.955827 -2.197003 0
298557.407019 4137832.724801 -2.230321 0
298557.185125 4137832.508644 -2.255103 0
298556.950042 4137832.319391 -2.285511 0
298556.715963 4137832.129875 -2.310452 0
298556.440337 4137831.904515 -2.326924 0
298556.205954 4137831.709285 -2.332464 0
298555.962038 4137831.530493 -2.358701 0
298555.709623 4137831.354935 -2.381063 0
298555.461066 4137831.182846 -2.402169 0
298555.205733 4137831.009122 -2.413441 0
298554.914836 4137830.825712 -2.434930 0
298554.606601 4137830.650239 -2.458985 0
298554.337185 4137830.509997 -2.483076 0
298554.044001 4137830.367292 -2.502516 0
298553.772066 4137830.238185 -2.521002 0
298553.503470 4137830.094139 -2.535181 0
298553.226114 4137829.950382 -2.548955 0
298552.950164 4137829.809219 -2.561844 0
298552.624451 4137829.666321 -2.586630 0
298552.301461 4137829.533598 -2.606483 0
298552.016975 4137829.419651 -2.624827 0
298551.731053 4137829.319893 -2.642365 0
298551.440573 4137829.212331 -2.665985 0
298551.148559 4137829.114645 -2.686942 0
298550.852840 4137829.025525 -2.706390 0
298550.520211 4137828.933226 -2.725565 0
298550.227523 4137828.852864 -2.741440 0
298549.934912 4137828.779962 -2.757418 0
298549.641379 4137828.708424 -2.772371 0
298549.342115 4137828.645932 -2.792586 0
298549.035906 4137828.589843 -2.817566 0
298548.698024 4137828.552214 -2.847962 0
298548.399585 4137828.514556 -2.871803 0
298548.100028 4137828.481607 -2.895842 0
298547.800530 4137828.457171 -2.922818 0
298547.499111 4137828.447876 -2.950654 0
298547.175643 4137828.452103 -2.984001 0
298546.844499 4137828.477366 -3.025016 0
298546.491596 4137828.527579 -3.081527 0
298546.193222 4137828.594706 -3.128283 0
298545.899169 4137828.668425 3.113511 0
298545.606044 4137828.739030 3.078152 0
298545.299089 4137828.822161 3.044383 0
298545.000034 4137828.925275 3.008637 0
298544.706835 4137829.011403 2.994187 0
298544.392915 4137829.084779 2.990224 0
298544.090736 4137829.169811 2.974922 0
298543.802550 4137829.286850 2.947940 0
298543.511669 4137829.391414 2.922330 0
298543.228277 4137829.507508 2.902382 0
298542.942074 4137829.611393 2.886963 0
298542.643786 4137829.747658 2.863005 0
298542.362091 4137829.891486 2.844425 0
298542.074224 4137830.023457 2.824921 0
298541.770637 4137830.194601 2.802037 0
298541.504700 4137830.349622 2.777379 0
298541.244986 4137830.511186 2.748898 0
298540.976386 4137830.704044 2.716726 0
298540.730634 4137830.878613 2.686310 0
298540.466491 4137831.086312 2.653072 0
298540.210583 4137831.255420 2.644696 0
298539.941937 4137831.412071 2.661939 0
298539.664777 4137831.570969 2.682528 0
298539.397494 4137831.747481 2.683614 0
298539.135943 4137831.904021 2.687835 0
298538.881338 4137832.065678 2.683189 0
298538.618567 4137832.230456 2.679728 0
298538.346404 4137832.398133 2.677956 0
298538.078322 4137832.588231 2.668455 0
298537.824851 4137832.756147 2.665987 0
298537.560947 4137832.934190 2.662428 0
298537.263654 4137833.094371 2.655172 0
298536.981963 4137833.259716 2.656174 0
298536.701099 4137833.433923 2.655036 0
298536.428138 4137833.601161 2.651749 0
298536.172210 4137833.767618 2.651260 0
298535.899867 4137833.949587 2.652175 0
298535.638339 4137834.122542 2.653529 0
298535.371880 4137834.287603 2.657501 0
298535.079789 4137834.450213 2.679344 0
298534.797011 4137834.603870 2.687782 0
298534.522652 4137834.760031 2.694096 0
298534.235230 4137834.900175 2.709940 0
298533.949239 4137835.048151 2.720882 0
298533.665154 4137835.196911 2.735102 0
298533.385279 4137835.329545 2.752474 0
298533.108492 4137835.450715 2.782797 0
298532.821533 4137835.557289 2.816876 0
298532.507698 4137835.651927 2.860683 0
298532.164555 4137835.741268 2.898398 0
298531.870964 4137835.816453 2.924999 0
298531.555356 4137835.910244 2.940725 0
298531.260471 4137835.994301 2.952311 0
298530.962643 4137836.059758 2.968354 0
298530.617529 4137836.133511 2.980190 0
298530.273885 4137836.172376 3.013542 0
298529.959111 4137836.185133 3.051101 0
298529.653621 4137836.204430 3.079210 0
298529.307108 4137836.234880 3.092527 0
298528.952918 4137836.250011 3.120659 0
298528.603329 4137836.241977 -3.123251 0
298528.266227 4137836.232363 -3.091654 0
298527.942118 4137836.211720 -3.060962 0
298527.618179 4137836.178555 -3.024453 0
298527.303490 4137836.132765 -2.990512 0
298526.955823 4137836.072625 -2.956223 0
298526.655974 4137836.014662 -2.933210 0
298526.361363 4137835.951196 -2.913295 0
298526.044000 4137835.860636 -2.884754 0
298525.732189 4137835.747990 -2.839049 0
298525.420889 4137835.628594 -2.789332 0
298525.124656 4137835.500068 -2.736567 0
298524.854346 4137835.367066 -2.689503 0
298524.567028 4137835.201343 -2.635637 0
298524.313488 4137835.036227 -2.587125 0
298524.027572 4137834.844239 -2.536094 0
298523.784624 4137834.656023 -2.492244 0
298523.527661 4137834.439110 -2.448728 0
298523.256866 4137834.207519 -2.419026 0
298522.996345 4137833.968437 -2.390594 0
298522.784500 4137833.748849 -2.354934 0
298522.582687 4137833.515209 -2.310738 0
298522.371761 4137833.278692 -2.273841 0
298522.157539 4137833.025373 -2.247423 0
298521.909998 4137832.774961 -2.249543 0
298521.689521 4137832.570394 -2.263652 0
298521.454083 4137832.323321 -2.269600 0
298521.210470 4137832.062402 -2.271123 0
298520.984640 4137831.824203 -2.272216 0
298520.741096 4137831.593515 -2.277616 0
298520.518788 4137831.382843 -2.284703 0
298520.277893 4137831.168832 -2.299150 0
298519.997927 4137830.940422 -2.319739 0
298519.720261 4137830.722083 -2.338208 0
298519.443553 4137830.498615 -2.355783 0
298519.190772 4137830.324920 -2.383625 0
298518.886711 4137830.139846 -2.425658 0
298518.591657 4137829.963970 -2.461572 0
298518.288851 4137829.777898 -2.490721 0
298518.027753 4137829.626772 -2.513256 0
298517.720324 4137829.449130 -2.526848 0
298517.451719 4137829.306598 -2.540297 0
298517.175952 4137829.179073 -2.562525 0
298516.895106 4137829.058271 -2.594269 0
298516.614050 4137828.937370 -2.623021 0
298516.333550 4137828.809886 -2.639895 0
298516.015731 4137828.660430 -2.641792 0
298515.742263 4137828.537059 -2.641649 0
298515.432483 4137828.397834 -2.640673 0
298515.152399 4137828.267197 -2.640577 0
298514.863496 4137828.155709 -2.650102 0
298514.524953 4137828.037742 -2.673362 0
298514.191920 4137827.912670 -2.682050 0
298513.875719 4137827.790310 -2.683818 0
298513.563434 4137827.670361 -2.686119 0
298513.241628 4137827.567106 -2.701985 0
298512.952172 4137827.466964 -2.719032 0
298512.653234 4137827.371755 -2.736821 0
298512.334936 4137827.276243 -2.756291 0
298512.003303 4137827.197571 -2.780956 0
298511.714270 4137827.105807 -2.782185 0
298511.411086 4137827.018927 -2.784759 0
298511.090141 4137826.929824 -2.785354 0
298510.781050 4137826.836874 -2.786991 0
298510.464304 4137826.747491 -2.785498 0
298510.155995 4137826.641329 -2.769069 0
298509.863817 4137826.540506 -2.754413 0
298509.552992 4137826.439507 -2.746431 0
298509.258471 4137826.334156 -2.730087 0
298508.982200 4137826.204615 -2.698420 0
298508.694694 4137826.043586 -2.659466 0
298508.417179 4137825.878220 -2.611005 0
298508.147316 4137825.687488 -2.557737 0
298507.889512 4137825.474692 -2.500935 0
298507.638675 4137825.249929 -2.448848 0
298507.420731 4137825.033295 -2.402702 0
298507.185695 4137824.789902 -2.355811 0
298506.946867 4137824.533546 -2.320641 0
298506.689090 4137824.300840 -2.318145 0
298506.455984 4137824.061447 -2.304375 0
298506.240250 4137823.784872 -2.261579 0
298506.036944 4137823.502608 -2.218349 0
298505.839371 4137823.230078 -2.190229 0
298505.627252 4137822.972559 -2.187702 0
298505.431984 4137822.719977 -2.186243 0
298505.221265 4137822.459872 -2.185507 0
298505.007493 4137822.196519 -2.183038 0
298504.785057 4137821.927129 -2.179584 0
298504.579453 4137821.642992 -2.164028 0
298504.373804 4137821.374986 -2.157615 0
298504.190632 4137821.129964 -2.155940 0
298503.993748 4137820.857220 -2.154160 0
298503.786656 4137820.576667 -2.154766 0
298503.595882 4137820.331811 -2.158151 0
298503.380973 4137820.062359 -2.160913 0
298503.173473 4137819.818046 -2.167623 0
298502.982412 4137819.576272 -2.168539 0
298502.763067 4137819.302904 -2.168582 0
298502.530082 4137819.026749 -2.181606 0
298502.337050 4137818.791739 -2.188102 0
298502.151192 4137818.556141 -2.189675 0
298501.939979 4137818.292954 -2.193575 0
298501.718262 4137818.035486 -2.196069 0
298501.513393 4137817.799307 -2.197003 0
298501.304390 4137817.551606 -2.198252 0
298501.085026 4137817.287902 -2.199004 0
298500.881639 4137817.049019 -2.204432 0
298500.668142 4137816.804355 -2.208449 0
298500.457286 4137816.547863 -2.207873 0
298500.239423 4137816.288203 -2.207945 0
298500.020536 4137816.033137 -2.211403 0
298499.798806 4137815.781479 -2.215978 0
298499.593465 4137815.553345 -2.219577 0
298499.390756 4137815.322068 -2.219475 0
298499.171986 4137815.078237 -2.222692 0
298498.945517 4137814.827168 -2.223988 0
298498.740481 4137814.594142 -2.224456 0
298498.519838 4137814.353760 -2.225889 0
298498.303432 4137814.117063 -2.226798 0
298498.077175 4137813.858644 -2.226703 0
298497.868178 4137813.587467 -2.212081 0
298497.664277 4137813.319431 -2.193969 0
298497.476190 4137813.076652 -2.186876 0
298497.284471 4137812.839871 -2.184055 0
298497.071654 4137812.576998 -2.181603 0
298496.859483 4137812.324200 -2.181546 0
298496.665052 4137812.081219 -2.179368 0
298496.469098 4137811.837266 -2.178567 0
298496.276057 4137811.585160 -2.176770 0
298496.080261 4137811.339927 -2.175179 0
298495.881188 4137811.088095 -2.175593 0
298495.671327 4137810.815162 -2.175724 0
298495.484246 4137810.577491 -2.175386 0
298495.280611 4137810.327729 -2.173125 0
298495.077044 4137810.088567 -2.171239 0
298494.879244 4137809.844608 -2.171354 0
