298513.362236 4137827.321092 -2.858449 5
298513.071613 4137827.215845 -2.829721 5
298512.777055 4137827.087396 -2.783454 5
298512.507226 4137826.916297 -2.693527 5
298512.263079 4137826.724113 -2.599609 5
298512.043359 4137826.512302 -2.515821 5
298511.805988 4137826.321251 -2.480994 5
298511.582275 4137826.099252 -2.431023 5
298511.394593 4137825.855518 -2.357202 5
298511.236106 4137825.579589 -2.262540 5
298511.110752 4137825.304232 -2.170704 5
298511.004199 4137825.007645 -2.076063 5
298510.912888 4137824.719775 -2.010621 5
298510.795002 4137824.427411 -1.973849 5
298510.722427 4137824.116602 -1.903642 5
298510.669395 4137823.812954 -1.834942 5
298510.619864 4137823.503236 -1.781882 5
298510.599897 4137823.193380 -1.721853 5
298510.612885 4137822.892371 -1.656395 5
298510.622431 4137822.569965 -1.602390 5
298510.612555 4137822.262376 -1.589360 5
298510.648390 4137821.947698 -1.536137 5
298510.686192 4137821.645202 -1.489295 5
298510.748653 4137821.342050 -1.438981 5
298510.794727 4137821.031889 -1.405140 5
