298505.715973 4137822.616863 -2.278591 8
298505.515051 4137822.381186 -2.268914 8
298505.317440 4137822.144165 -2.250462 8
298505.127652 4137821.903318 -2.218352 8
298504.949992 4137821.633888 -2.170975 8
298504.801029 4137821.357392 -2.120657 8
298504.675909 4137821.055719 -2.052035 8
298504.572994 4137820.744203 -1.984440 8
298504.467980 4137820.444773 -1.940786 8
298504.356258 4137820.143159 -1.913781 8
298504.277595 4137819.843018 -1.867619 8
298504.237154 4137819.502500 -1.795890 8
298504.199472 4137819.183066 -1.739854 8
298504.157756 4137818.853907 -1.696728 8
298504.163122 4137818.541325 -1.637971 8
298504.202236 4137818.209790 -1.567069 8
298504.240985 4137817.876885 -1.515217 8
298504.244041 4137817.573007 -1.499906 8
298504.271221 4137817.267769 -1.473250 8
298504.322810 4137816.944707 -1.434083 8
298504.354800 4137816.612833 -1.430801 8
298504.385021 4137816.308118 -1.429473 8
298504.416722 4137816.009181 -1.428305 8
298504.477729 4137815.715209 -1.401878 8
298504.532250 4137815.389879 -1.390244 8
298504.573060 4137815.080079 -1.385341 8
298504.634561 4137814.783845 -1.362983 8
298504.702897 4137814.464457 -1.349723 8
298504.753204 4137814.141889 -1.354983 8
298504.796072 4137813.837703 -1.355284 8
298504.824476 4137813.518056 -1.369008 8
298504.867093 4137813.201117 -1.373495 8
298504.923318 4137812.897652 -1.372229 8
