298511.111696 4137827.643354 -2.686157 6
298510.834521 4137827.509652 -2.679120 6
298510.564543 4137827.371782 -2.651607 6
298510.314203 4137827.192366 -2.597099 6
298510.065854 4137827.005658 -2.546601 6
298509.842355 4137826.797208 -2.481301 6
298509.621438 4137826.565444 -2.416806 6
298509.421378 4137826.338693 -2.363369 6
298509.215029 4137826.075793 -2.302900 6
298509.056037 4137825.813289 -2.232945 6
298508.906838 4137825.526413 -2.165290 6
298508.772197 4137825.229777 -2.102132 6
298508.650814 4137824.947253 -2.049232 6
298508.538408 4137824.651967 -1.999173 6
298508.451279 4137824.327830 -1.927246 6
298508.403253 4137823.997589 -1.844902 6
298508.367559 4137823.678063 -1.777721 6
298508.335765 4137823.368637 -1.727314 6
298508.329233 4137823.040294 -1.672393 6
298508.335711 4137822.727656 -1.611585 6
298508.322506 4137822.405831 -1.590280 6
298508.296284 4137822.074027 -1.583742 6
298508.316515 4137821.770197 -1.542633 6
298508.359158 4137821.470130 -1.494029 6
298508.405405 4137821.165656 -1.450268 6
298508.446241 4137820.859785 -1.429511 6
298508.480703 4137820.555675 -1.426137 6
298508.513891 4137820.240408 -1.423884 6
298508.561624 4137819.934408 -1.402698 6
298508.611265 4137819.631268 -1.386367 6
298508.665431 4137819.331112 -1.365133 6
298508.723743 4137819.014122 -1.352771 6
298508.777149 4137818.693215 -1.352448 6
298508.831542 4137818.388340 -1.357484 6
298508.867826 4137818.084474 -1.362491 6
