298508.375022 4137825.345722 -2.537806 7
298508.131370 4137825.146586 -2.509341 7
298507.886725 4137824.933789 -2.467981 7
298507.676321 4137824.711113 -2.410974 7
298507.469829 4137824.450932 -2.341568 7
298507.287802 4137824.193360 -2.271558 7
298507.114108 4137823.909727 -2.196721 7
298506.969520 4137823.624465 -2.123190 7
298506.853693 4137823.336306 -2.056372 7
298506.734943 4137823.045839 -1.995746 7
298506.634038 4137822.717947 -1.928852 7
298506.585992 4137822.410005 -1.854532 7
298506.543224 4137822.092278 -1.795869 7
298506.481652 4137821.792318 -1.769579 7
298506.408295 4137821.499101 -1.766738 7
298506.342042 4137821.191025 -1.758999 7
298506.304806 4137820.885947 -1.725817 7
298506.292871 4137820.570367 -1.672565 7
298506.302300 4137820.232117 -1.611189 7
298506.318559 4137819.883598 -1.556068 7
298506.319869 4137819.558636 -1.529542 7
298506.329212 4137819.223795 -1.509232 7
298506.375998 4137818.894396 -1.474233 7
298506.431159 4137818.582455 -1.433100 7
298506.468984 4137818.258687 -1.420893 7
298506.505952 4137817.956976 -1.416410 7
298506.555943 4137817.656557 -1.399979 7
298506.619690 4137817.333135 -1.382492 7
298506.667019 4137817.023516 -1.380375 7
298506.701953 4137816.702553 -1.384205 7
298506.735471 4137816.404239 -1.385344 7
298506.789251 4137816.082949 -1.376742 7
298506.834538 4137815.783170 -1.370181 7
298506.880547 4137815.469915 -1.367430 7
