298510.247164 4137850.793062 -2.149615 1
298510.067330 4137850.549484 -2.153550 1
298509.879335 4137850.286914 -2.153290 1
298509.675429 4137850.049539 -2.154340 1
298509.472431 4137849.808301 -2.155140 1
298509.261617 4137849.542489 -2.157012 1
298509.047537 4137849.295096 -2.158725 1
298508.844879 4137849.059844 -2.161623 1
298508.656400 4137848.825057 -2.151186 1
298508.469781 4137848.585098 -2.146507 1
298508.281267 4137848.321859 -2.148791 1
298508.092970 4137848.062902 -2.153821 1
298507.899359 4137847.805439 -2.149850 1
298507.697374 4137847.551479 -2.148266 1
298507.491630 4137847.286903 -2.149184 1
298507.285183 4137847.041975 -2.149127 1
298507.096114 4137846.809038 -2.147866 1
298506.872475 4137846.543198 -2.149176 1
298506.662749 4137846.287701 -2.148661 1
298506.469646 4137846.044120 -2.148238 1
298506.274767 4137845.798233 -2.148734 1
298506.093299 4137845.552722 -2.149433 1
298505.908015 4137845.306583 -2.150218 1
298505.713558 4137845.043636 -2.154481 1
298505.501677 4137844.773431 -2.151925 1
298505.286209 4137844.490687 -2.150626 1
298505.087574 4137844.231741 -2.146813 1
298504.866864 4137843.947243 -2.147792 1
298504.656586 4137843.673083 -2.145323 1
298504.456549 4137843.418238 -2.143712 1
298504.266705 4137843.172301 -2.143048 1
298504.048102 4137842.895350 -2.140590 1
298503.836680 4137842.623010 -2.136974 1
298503.633233 4137842.355671 -2.136145 1
298503.436537 4137842.100813 -2.136861 1
298503.249332 4137841.858467 -2.139605 1
298503.045056 4137841.585280 -2.142040 1
298502.849147 4137841.351629 -2.147401 1
298502.648243 4137841.097701 -2.148248 1
298502.451780 4137840.845236 -2.150353 1
298502.240715 4137840.572167 -2.151872 1
298502.063437 4137840.325542 -2.154879 1
298501.883124 4137840.068682 -2.152767 1
298501.681073 4137839.800682 -2.152407 1
298501.467291 4137839.505203 -2.152193 1
298501.243336 4137839.224147 -2.152345 1
298501.023249 4137838.944307 -2.153285 1
298500.809324 4137838.680832 -2.153371 1
298500.600687 4137838.435889 -2.152466 1
298500.406194 4137838.200747 -2.152986 1
298500.184615 4137837.932800 -2.154244 1
298499.979859 4137837.683926 -2.155903 1
298499.785819 4137837.440437 -2.154761 1
298499.570919 4137837.170741 -2.158964 1
298499.380696 4137836.920124 -2.157819 1
298499.197612 4137836.679944 -2.155493 1
298498.996920 4137836.424991 -2.156435 1
298498.791990 4137836.169985 -2.155956 1
298498.603217 4137835.931977 -2.158877 1
298498.399681 4137835.688271 -2.161925 1
298498.190485 4137835.421680 -2.163326 1
298498.002725 4137835.187035 -2.162500 1
298497.796296 4137834.928319 -2.161463 1
298497.588679 4137834.654564 -2.160823 1
298497.402871 4137834.418202 -2.160342 1
298497.193564 4137834.155861 -2.160139 1
298496.969836 4137833.866292 -2.162854 1
298496.762543 4137833.610001 -2.161573 1
298496.548611 4137833.342034 -2.162320 1
298496.323926 4137833.048719 -2.165615 1
298496.113559 4137832.784058 -2.166832 1
298495.911194 4137832.532522 -2.165970 1
298495.689318 4137832.258174 -2.168305 1
298495.477349 4137831.998784 -2.169110 1
298495.266369 4137831.728774 -2.167700 1
298495.047172 4137831.445263 -2.166077 1
298494.857561 4137831.209344 -2.168863 1
298494.626359 4137830.941654 -2.167817 1
298494.404417 4137830.673592 -2.169540 1
298494.214213 4137830.434713 -2.168437 1
298494.007921 4137830.172035 -2.167935 1
298493.811254 4137829.933353 -2.166360 1
298493.602728 4137829.665791 -2.166420 1
298493.389059 4137829.387779 -2.166746 1
298493.176791 4137829.124566 -2.165841 1
298492.985656 4137828.884208 -2.167188 1
298492.792355 4137828.632741 -2.168550 1
298492.601791 4137828.382515 -2.169149 1
298492.388156 4137828.119504 -2.165277 1
298492.193071 4137827.870838 -2.165475 1
298491.999807 4137827.632705 -2.168352 1
298491.760884 4137827.333780 -2.170573 1
298491.559291 4137827.081222 -2.170273 1
298491.368879 4137826.838419 -2.169330 1
298491.168602 4137826.578699 -2.168793 1
298490.959756 4137826.316240 -2.171062 1
298490.756773 4137826.064590 -2.168951 1
298490.550230 4137825.811856 -2.169847 1
298490.323504 4137825.542455 -2.169546 1
298490.103166 4137825.266913 -2.167116 1
298489.911620 4137825.023282 -2.167241 1
298489.691743 4137824.741223 -2.169497 1
298489.472907 4137824.465731 -2.173208 1
298489.260837 4137824.184373 -2.175206 1
298489.060723 4137823.926491 -2.172291 1
298488.859800 4137823.679546 -2.170650 1
298488.650279 4137823.408972 -2.171735 1
298488.447203 4137823.165787 -2.172233 1
298488.232291 4137822.893091 -2.170488 1
298488.019823 4137822.633129 -2.171847 1
298487.809456 4137822.383940 -2.170869 1
298487.597387 4137822.121952 -2.171057 1
298487.393593 4137821.875263 -2.170984 1
298487.193145 4137821.631437 -2.171212 1
298486.991276 4137821.382391 -2.170479 1
298486.785546 4137821.129978 -2.167514 1
298486.586955 4137820.886031 -2.168441 1
298486.364836 4137820.611811 -2.168732 1
298486.155241 4137820.346778 -2.168025 1
298485.950879 4137820.096042 -2.166276 1
298485.738842 4137819.831905 -2.167959 1
298485.541072 4137819.582228 -2.167122 1
298485.350353 4137819.341890 -2.167667 1
298485.148854 4137819.097839 -2.169247 1
298484.951744 4137818.860856 -2.170286 1
298484.739063 4137818.598657 -2.170383 1
298484.507480 4137818.318660 -2.169991 1
298484.310340 4137818.073560 -2.170068 1
298484.104201 4137817.816046 -2.168368 1
298483.919772 4137817.572526 -2.169138 1
298483.711042 4137817.302335 -2.170729 1
298483.522932 4137817.059515 -2.170494 1
298483.306909 4137816.793841 -2.169407 1
298483.096901 4137816.541075 -2.170400 1
298482.883191 4137816.275813 -2.175418 1
298482.656482 4137815.997262 -2.176362 1
298482.452442 4137815.745446 -2.176925 1
298482.233279 4137815.482639 -2.178526 1
298482.043450 4137815.237547 -2.179499 1
298481.855670 4137814.989254 -2.178913 1
298481.653571 4137814.725485 -2.180510 1
298481.420953 4137814.419800 -2.180311 1
298481.233100 4137814.185138 -2.179315 1
298481.021899 4137813.922119 -2.179187 1
298480.820981 4137813.681210 -2.177589 1
298480.608305 4137813.421578 -2.178512 1
298480.390941 4137813.153743 -2.179972 1
298480.163729 4137812.885861 -2.180921 1
298479.965204 4137812.644710 -2.178236 1
298479.769360 4137812.383144 -2.170524 1
298479.575728 4137812.139706 -2.167753 1
298479.381452 4137811.892271 -2.169048 1
298479.181793 4137811.616175 -2.165678 1
298478.997728 4137811.349494 -2.152531 1
298478.823609 4137811.096999 -2.146490 1
298478.646079 4137810.839765 -2.146487 1
298478.439150 4137810.551251 -2.142534 1
298478.249333 4137810.299407 -2.142714 1
298478.041357 4137810.033980 -2.138787 1
298477.834994 4137809.766587 -2.135526 1
298477.637551 4137809.495285 -2.134705 1
298477.450390 4137809.248107 -2.133541 1
298477.249568 4137808.973889 -2.135052 1
298477.054673 4137808.707290 -2.129848 1
298476.863713 4137808.449939 -2.127538 1
298476.669539 4137808.180316 -2.122546 1
298476.486315 4137807.918916 -2.120704 1
298476.305689 4137807.677069 -2.121155 1
298476.111237 4137807.432022 -2.126176 1
298475.902528 4137807.157235 -2.124229 1
298475.707568 4137806.905189 -2.129041 1
298475.488583 4137806.629277 -2.135944 1
298475.307977 4137806.388529 -2.136212 1
298475.101911 4137806.125597 -2.134936 1
298474.927274 4137805.873856 -2.136665 1
298474.730431 4137805.600193 -2.137254 1
298474.536478 4137805.327052 -2.142768 1
298474.360624 4137805.072663 -2.144813 1
298474.154435 4137804.777118 -2.142530 1
298473.980498 4137804.528328 -2.139252 1
298473.770599 4137804.243984 -2.143243 1
298473.579863 4137803.992662 -2.144829 1
298473.402913 4137803.742203 -2.142855 1
298473.204947 4137803.467404 -2.144559 1
298473.010826 4137803.195277 -2.145054 1
298472.824468 4137802.957651 -2.144098 1
298472.628224 4137802.712058 -2.146060 1
298472.436582 4137802.465523 -2.146018 1
298472.244581 4137802.217530 -2.150554 1
298472.048984 4137801.972698 -2.153111 1
298471.858008 4137801.727022 -2.154678 1
298471.670164 4137801.481331 -2.158194 1
298471.470284 4137801.240518 -2.172594 1
298471.272399 4137800.982094 -2.176754 1
298471.078948 4137800.726974 -2.177822 1
298470.854884 4137800.451973 -2.179594 1
298470.660025 4137800.212900 -2.178666 1
298470.436621 4137799.929154 -2.177610 1
298470.216509 4137799.672778 -2.185474 1
298470.010127 4137799.422963 -2.188165 1
298469.793951 4137799.156059 -2.188570 1
298469.594201 4137798.910582 -2.190258 1
298469.385283 4137798.664573 -2.190741 1
298469.160318 4137798.404699 -2.195737 1
298468.963529 4137798.167425 -2.196540 1
298468.758988 4137797.913821 -2.199864 1
298468.553330 4137797.667451 -2.199873 1
298468.359971 4137797.430179 -2.202776 1
298468.161686 4137797.202588 -2.203323 1
298467.959399 4137796.972022 -2.205370 1
