298537.238267 4137869.024364 2.668473
298536.963281 4137869.159572 2.664942
298536.738350 4137869.389241 2.695522
298536.450947 4137869.632089 2.697538
298536.200098 4137869.841182 2.698969
298535.948095 4137870.045184 2.700312
298535.657702 4137870.271560 2.702341
298535.408551 4137870.462355 2.703650
298535.117036 4137870.671577 2.704947
298534.851999 4137870.868797 2.706195
298534.601808 4137871.056550 2.707493
298534.350423 4137871.237384 2.708960
298534.086263 4137871.424177 2.712557
298533.836511 4137871.604379 2.713850
298533.572344 4137871.793284 2.715370
298533.312984 4137871.979317 2.717184
298533.016084 4137872.185717 2.718925
298532.719523 4137872.393308 2.721337
298532.467587 4137872.561158 2.721872
298532.216148 4137872.737761 2.723601
298531.965647 4137872.921506 2.724362
298531.708675 4137873.108307 2.724559
298531.448974 4137873.303016 2.725892
298531.162137 4137873.513428 2.723445
298530.899235 4137873.701695 2.722478
298530.649039 4137873.873297 2.720771
298530.390584 4137874.053131 2.720476
298530.120468 4137874.244278 2.720832
298529.851955 4137874.428705 2.720012
298529.565420 4137874.620839 2.714822
298529.290788 4137874.806638 2.711611
298529.025087 4137874.995056 2.709662
298528.767382 4137875.179156 2.708592
298528.517416 4137875.367717 2.705356
298528.279290 4137875.557528 2.688819
298528.030342 4137875.738770 2.680243
298527.787205 4137875.925716 2.667808
298527.544491 4137876.107139 2.650651
298527.252106 4137876.320373 2.630490
298526.968622 4137876.542192 2.624287
298526.699088 4137876.775424 2.623343
298526.450039 4137876.994412 2.623256
298526.207980 4137877.212720 2.622427
298525.968281 4137877.433297 2.621960
298525.716693 4137877.651797 2.621767
298525.470768 4137877.854804 2.620661
298525.208363 4137878.077996 2.619404
298524.958216 4137878.289110 2.617437
298524.719633 4137878.499084 2.617530
298524.456881 4137878.739339 2.618933
298524.216568 4137878.960694 2.620275
298523.978083 4137879.152301 2.621213
298523.745749 4137879.349520 2.622219
298523.504682 4137879.558632 2.623030
298523.269394 4137879.769394 2.624436
298523.035807 4137879.974103 2.625392
298522.781416 4137880.190421 2.627025
298522.553829 4137880.396193 2.634860
298522.303210 4137880.623769 2.638263
298522.068833 4137880.836756 2.639847
298521.828739 4137881.052213 2.644486
298521.588003 4137881.233693 2.646578
298521.310940 4137881.447606 2.649083
298521.034227 4137881.649785 2.656105
298520.787605 4137881.848902 2.663585
298520.551122 4137882.050451 2.665544
298520.296142 4137882.253998 2.666341
298520.055088 4137882.438400 2.667372
298519.813962 4137882.617138 2.667597
298519.554878 4137882.808391 2.668002
298519.319011 4137883.001028 2.669189
298519.084806 4137883.189949 2.670703
298518.824792 4137883.401626 2.672147
298518.566935 4137883.600552 2.672463
298518.309482 4137883.789226 2.673112
298518.050715 4137883.993192 2.673974
298517.784983 4137884.215194 2.674440
298517.553359 4137884.412541 2.675354
298517.305385 4137884.605475 2.675484
298517.070232 4137884.802195 2.676150
298516.819614 4137884.999599 2.676634
298516.542513 4137885.204930 2.676641
298516.282249 4137885.404780 2.676439
298516.024138 4137885.601919 2.676387
298515.774745 4137885.792561 2.677022
298515.523575 4137885.986166 2.677756
298515.262660 4137886.176019 2.678496
298515.012748 4137886.358995 2.678222
298514.763679 4137886.543443 2.679445
298514.515566 4137886.732411 2.679790
298514.280843 4137886.920809 2.680300
298514.044444 4137887.114585 2.681779
298513.804674 4137887.314168 2.681975
298513.554347 4137887.506089 2.693009
298513.303752 4137887.691375 2.699991
298513.056244 4137887.869734 2.706220
298512.806136 4137888.036966 2.725099
298512.558394 4137888.206870 2.730629
298512.259572 4137888.403302 2.757248
298511.968018 4137888.599929 2.795653
298511.704089 4137888.793725 2.831992
298511.410233 4137889.001174 2.869135
298511.137088 4137889.176021 2.891684
298510.836430 4137889.360716 2.907366
298510.535675 4137889.524059 2.919981
298510.233720 4137889.658022 2.935094
298509.952831 4137889.766931 2.948354
298509.622608 4137889.865404 2.960829
298509.296535 4137889.942163 2.982607
298508.946812 4137890.034057 3.008751
298508.652263 4137890.138720 3.024387
298508.326455 4137890.243615 3.036734
298507.975087 4137890.372618 3.050592
298507.662560 4137890.451373 3.062606
298507.318268 4137890.562423 3.068836
298506.978545 4137890.673819 3.075985
298506.632139 4137890.779107 3.079062
298506.286506 4137890.884839 3.081396
298505.951893 4137890.986138 3.084208
298505.615726 4137891.061130 3.103178
298505.293464 4137891.135815 3.135019
298504.966955 4137891.206168 -3.128595
298504.632018 4137891.277243 -3.117472
298504.316868 4137891.355828 -3.105837
298504.026142 4137891.432307 -3.095229
298503.724431 4137891.500328 -3.068802
298503.371882 4137891.555306 -3.050100
298502.993777 4137891.602143 -3.038552
298502.610871 4137891.641448 -3.025772
298502.238041 4137891.670873 -3.000585
298501.910848 4137891.697821 -2.980879
298501.569932 4137891.709024 -2.956414
298501.263359 4137891.719895 -2.934759
298500.916044 4137891.716544 -2.895202
298500.557937 4137891.733117 -2.874459
298500.203904 4137891.721594 -2.851745
298499.840933 4137891.714195 -2.813813
298499.463082 4137891.704509 -2.794931
298499.158079 4137891.696861 -2.787844
298498.811058 4137891.671020 -2.763956
298498.503585 4137891.629635 -2.733735
298498.174623 4137891.588907 -2.713468
298497.857365 4137891.542855 -2.696196
298497.560085 4137891.492676 -2.683160
298497.260089 4137891.414094 -2.650396
298496.943676 4137891.320841 -2.594297
298496.602482 4137891.221241 -2.544140
298496.257088 4137891.128295 -2.529182
298495.928743 4137891.031365 -2.521891
298495.618765 4137890.930117 -2.516511
298495.309587 4137890.816743 -2.510122
298495.000677 4137890.669822 -2.506365
298494.742456 4137890.487484 -2.466935
298494.483600 4137890.295729 -2.443734
298494.218528 4137890.121447 -2.431560
298493.918097 4137889.920347 -2.411564
298493.636926 4137889.748976 -2.396418
298493.344032 4137889.585417 -2.373230
298493.026140 4137889.429103 -2.352530
298492.706169 4137889.240889 -2.319291
298492.390780 4137889.038342 -2.277201
298492.109848 4137888.860083 -2.253917
298491.782736 4137888.644946 -2.239888
298491.460329 4137888.420980 -2.227093
298491.199935 4137888.241808 -2.221336
298490.920435 4137888.037687 -2.213520
298490.650787 4137887.831838 -2.205607
298490.375604 4137887.580286 -2.196542
298490.088939 4137887.307546 -2.187420
298489.806131 4137887.050873 -2.187499
298489.588366 4137886.834143 -2.201403
298489.340625 4137886.588537 -2.202984
298489.061282 4137886.355467 -2.206291
298488.797514 4137886.111670 -2.216921
298488.552789 4137885.866376 -2.225228
298488.326541 4137885.610756 -2.226910
298488.089489 4137885.356160 -2.226017
298487.853209 4137885.117927 -2.222467
298487.615454 4137884.876479 -2.219825
298487.370057 4137884.641317 -2.218797
298487.130302 4137884.428864 -2.221104
298486.902827 4137884.216500 -2.222033
298486.665315 4137884.000258 -2.222932
298486.439626 4137883.793439 -2.223181
298486.210411 4137883.582913 -2.223790
298485.987960 4137883.376572 -2.215794
298485.740441 4137883.142197 -2.209939
298485.496207 4137882.919639 -2.209296
298485.261481 4137882.702269 -2.208008
298485.020122 4137882.476724 -2.193916
298484.801935 4137882.269778 -2.177580
298484.553965 4137882.043078 -2.171287
298484.302391 4137881.802221 -2.165138
298484.083337 4137881.589703 -2.162368
298483.829928 4137881.350165 -2.153164
298483.588332 4137881.098000 -2.151327
298483.366961 4137880.868477 -2.149456
298483.133144 4137880.629082 -2.146910
298482.894462 4137880.381823 -2.145620
298482.639040 4137880.117825 -2.143786
298482.413054 4137879.840216 -2.142126
298482.213131 4137879.612621 -2.140849
298481.995913 4137879.366501 -2.140244
298481.777864 4137879.121852 -2.139487
298481.577615 4137878.887451 -2.138052
298481.350715 4137878.634319 -2.134959
298481.149286 4137878.402367 -2.134339
298480.954029 4137878.173785 -2.133294
298480.748863 4137877.946560 -2.132688
298480.536986 4137877.721564 -2.132764
298480.311116 4137877.471129 -2.131129
298480.088037 4137877.227030 -2.130656
298479.890337 4137877.000078 -2.130272
298479.679614 4137876.755155 -2.130756
298479.486496 4137876.511043 -2.130904
298479.263196 4137876.273092 -2.129606
298479.047750 4137876.038974 -2.129000
298478.844827 4137875.803720 -2.127858
298478.646857 4137875.577626 -2.127221
298478.424261 4137875.322106 -2.125991
298478.213131 4137875.107116 -2.125012
298478.009717 4137874.885332 -2.124158
298477.774558 4137874.635526 -2.122582
298477.580875 4137874.381233 -2.120607
298477.379488 4137874.132961 -2.119615
298477.172757 4137873.894322 -2.118554
298476.955851 4137873.646551 -2.118333
298476.758215 4137873.412810 -2.117831
298476.559263 4137873.169966 -2.116482
298476.331622 4137872.891935 -2.116220
298476.103464 4137872.616314 -2.116072
298475.873300 4137872.357079 -2.115265
298475.664234 4137872.119225 -2.113491
298475.461921 4137871.887883 -2.112109
298475.210208 4137871.583926 -2.111008
298474.972343 4137871.306018 -2.110293
298474.745151 4137871.031722 -2.109407
298474.515521 4137870.774990 -2.108362
298474.280760 4137870.493568 -2.107584
298474.060193 4137870.220542 -2.107308
298473.859095 4137869.962512 -2.107066
298473.662974 4137869.715484 -2.106575
298473.478237 4137869.475778 -2.106077
298473.288593 4137869.230982 -2.105403
298473.098196 4137868.988796 -2.105391
298472.870565 4137868.703190 -2.105082
298472.674765 4137868.458394 -2.103745
298472.449680 4137868.182024 -2.103594
298472.245452 4137867.931818 -2.103266
298472.039096 4137867.667108 -2.104512
298471.822242 4137867.402678 -2.103765
298471.622586 4137867.159477 -2.103749
298471.418490 4137866.920965 -2.102490
298471.211709 4137866.665060 -2.102646
298471.028635 4137866.421573 -2.102406
298470.836342 4137866.163755 -2.101381
298470.630697 4137865.886358 -2.101357
298470.427282 4137865.604339 -2.102770
298470.243353 4137865.364729 -2.102570
298470.022834 4137865.093846 -2.102332
298469.794402 4137864.832873 -2.099717
298469.571924 4137864.558713 -2.099403
298469.362994 4137864.296232 -2.098034
298469.173675 4137864.049881 -2.098115
298468.986198 4137863.802124 -2.097427
298468.793655 4137863.554083 -2.095342
298468.592339 4137863.300289 -2.093084
298468.395750 4137863.054492 -2.092666
298468.199349 4137862.813254 -2.091220
298468.006671 4137862.575446 -2.091543
298467.801588 4137862.326061 -2.091265
298467.607722 4137862.061723 -2.090541
298467.399852 4137861.779753 -2.089108
298467.226901 4137861.527945 -2.087707
298467.030830 4137861.272782 -2.087327
298466.841825 4137861.033021 -2.087252
298466.623103 4137860.753969 -2.086404
298466.400418 4137860.472840 -2.085969
298466.210591 4137860.215484 -2.085931
298466.011432 4137859.959054 -2.086277
298465.792198 4137859.662706 -2.086223
298465.605562 4137859.408710 -2.091684
298465.422206 4137859.162382 -2.093219
298465.237635 4137858.916134 -2.094380
298465.044361 4137858.660109 -2.094983
298464.838378 4137858.396876 -2.093953
298464.659617 4137858.151944 -2.093886
298464.449359 4137857.867413 -2.094491
298464.275310 4137857.621762 -2.095408
298464.094269 4137857.368118 -2.097499
298463.906189 4137857.127278 -2.099195
298463.677625 4137856.841974 -2.099441
298463.448838 4137856.545456 -2.100394
298463.244150 4137856.281043 -2.101189
298463.053034 4137856.020510 -2.102440
298462.872272 4137855.779507 -2.102693
298462.680824 4137855.523913 -2.102787
298462.478342 4137855.276340 -2.104837
298462.267962 4137855.030792 -2.106420
298462.057448 4137854.789477 -2.107816
298461.859145 4137854.549184 -2.109019
298461.664090 4137854.302724 -2.109555
298461.464356 4137854.053206 -2.114695
298461.262490 4137853.797811 -2.120201
298461.080166 4137853.554700 -2.122868
298460.882074 4137853.296280 -2.124112
298460.679537 4137853.043771 -2.124888
298460.466362 4137852.765475 -2.125363
298460.255066 4137852.487961 -2.127131
298460.043740 4137852.206020 -2.128216
298459.831365 4137851.927168 -2.129481
298459.639611 4137851.680703 -2.129775
298459.434863 4137851.421159 -2.131992
298459.206004 4137851.132565 -2.138671
298458.968701 4137850.832692 -2.142818
298458.750118 4137850.551296 -2.146008
298458.554195 4137850.289235 -2.148328
298458.341068 4137850.031437 -2.149623
298458.127128 4137849.780570 -2.150518
298457.918033 4137849.529903 -2.152305
298457.711384 4137849.281171 -2.153459
298457.503143 4137849.048324 -2.153404
298457.260958 4137848.760983 -2.155299
298457.036469 4137848.513958 -2.155686
298456.805592 4137848.251499 -2.156019
298456.561342 4137847.980205 -2.155641
298456.321327 4137847.708789 -2.156351
298456.075911 4137847.427360 -2.157521
298455.828159 4137847.135551 -2.158170
298455.586725 4137846.854723 -2.158785
298455.391418 4137846.623330 -2.157881
298455.175042 4137846.377036 -2.157968
298454.964526 4137846.109422 -2.157967
298454.752809 4137845.849828 -2.155628
298454.550796 4137845.605795 -2.149001
298454.325681 4137845.348926 -2.147375
298454.112846 4137845.100233 -2.146355
298453.891977 4137844.844032 -2.145560
298453.666561 4137844.573610 -2.144025
298453.459051 4137844.310155 -2.144490
298453.267735 4137844.070194 -2.143573
298453.076889 4137843.824979 -2.138213
298452.854605 4137843.545452 -2.132184
298452.645977 4137843.272696 -2.125654
298452.457043 4137843.031661 -2.122353
298452.234787 4137842.753493 -2.120761
298452.005295 4137842.460303 -2.119482
298451.807611 4137842.219608 -2.118127
298451.607473 4137841.977763 -2.117419
298451.404989 4137841.725463 -2.116192
298451.210455 4137841.461724 -2.114806
298451.013866 4137841.215388 -2.114221
298450.820232 4137840.967936 -2.110353
298450.634486 4137840.720269 -2.106450
298450.449105 4137840.479070 -2.104683
298450.256517 4137840.219446 -2.102003
298450.081858 4137839.974550 -2.100590
298449.881286 4137839.690982 -2.101839
298449.690141 4137839.426603 -2.101511
298449.484280 4137839.149152 -2.099279
298449.252023 4137838.843742 -2.097026
298449.024111 4137838.534310 -2.096810
298448.809388 4137838.245496 -2.096603
298448.579018 4137837.938522 -2.095739
298448.362427 4137837.639597 -2.095464
298448.171523 4137837.383163 -2.094814
298447.983870 4137837.127781 -2.093344
298447.760288 4137836.832061 -2.091874
298447.527145 4137836.537998 -2.091694
298447.305017 4137836.250329 -2.090066
298447.097332 4137835.973878 -2.089442
298446.887963 4137835.693252 -2.088642
298446.691152 4137835.423528 -2.088550
298446.495241 4137835.164501 -2.086845
298446.311124 4137834.903260 -2.086046
298446.102901 4137834.599259 -2.085508
298445.904030 4137834.306412 -2.084575
298445.714042 4137834.029165 -2.085446
298445.525998 4137833.764253 -2.085050
298445.349826 4137833.509040 -2.085772
298445.175321 4137833.256374 -2.089062
298444.983153 4137832.995150 -2.092205
298444.797691 4137832.740679 -2.100049
298444.622728 4137832.486940 -2.100950
298444.436666 4137832.211002 -2.106331
298444.253990 4137831.946350 -2.110460
298444.069901 4137831.709269 -2.113937
298443.868270 4137831.457455 -2.114603
298443.656776 4137831.199975 -2.130953
298443.465300 4137830.954250 -2.153570
298443.273940 4137830.709154 -2.156065
298443.059214 4137830.437047 -2.151799
298442.858821 4137830.186166 -2.143208
298442.636567 4137829.936474 -2.141374
298442.394741 4137829.670668 -2.139950
298442.169050 4137829.403518 -2.138452
298441.977415 4137829.167525 -2.136990
298441.794003 4137828.924255 -2.135589
298441.591912 4137828.653819 -2.131003
298441.396430 4137828.384774 -2.113613
298441.194545 4137828.126994 -2.107975
298441.009866 4137827.886946 -2.105349
298440.808805 4137827.630353 -2.103672
298440.619844 4137827.389078 -2.103103
298440.428256 4137827.126931 -2.101489
298440.240493 4137826.861155 -2.100389
298440.061406 4137826.615685 -2.099179
298439.869217 4137826.340977 -2.097898
298439.687778 4137826.086999 -2.097460
298439.479213 4137825.781115 -2.097024
298439.287240 4137825.500590 -2.090242
298439.087838 4137825.214653 -2.086238
298438.889494 4137824.944518 -2.084366
298438.705060 4137824.677091 -2.082427
298438.501733 4137824.376767 -2.081637
298438.298812 4137824.083981 -2.080768
298438.127380 4137823.821030 -2.078577
298437.961514 4137823.567393 -2.070958
298437.784069 4137823.303362 -2.070427
298437.610455 4137823.054010 -2.068418
298437.418080 4137822.782134 -2.066265
298437.223254 4137822.505505 -2.065066
298437.040791 4137822.236518 -2.065112
298436.861077 4137821.961694 -2.064542
298436.673636 4137821.695194 -2.062690
298436.478135 4137821.416663 -2.061657
298436.302649 4137821.142905 -2.060434
298436.137297 4137820.879569 -2.059166
298435.981722 4137820.622229 -2.057842
298435.793563 4137820.313418 -2.057593
298435.624256 4137820.051865 -2.056906
298435.447722 4137819.782695 -2.056307
298435.268973 4137819.516320 -2.061711
298435.071386 4137819.212041 -2.064280
298434.885174 4137818.920628 -2.066649
298434.720312 4137818.662661 -2.070594
298434.552731 4137818.394968 -2.071461
298434.380998 4137818.117852 -2.072897
298434.208148 4137817.869501 -2.075930
298434.032860 4137817.611975 -2.089838
298433.855315 4137817.366400 -2.107288
298433.666834 4137817.109569 -2.119512
298433.493874 4137816.851784 -2.119990
298433.307779 4137816.581981 -2.121625
298433.089631 4137816.306039 -2.128841
298432.862150 4137816.040849 -2.131162
298432.662191 4137815.815824 -2.137432
298432.446330 4137815.564539 -2.140713
298432.256631 4137815.307775 -2.142589
298432.046601 4137815.051636 -2.144436
298431.826643 4137814.753499 -2.145261
298431.632420 4137814.490409 -2.149909
298431.431087 4137814.226217 -2.152281
298431.235749 4137813.966337 -2.153476
298431.015947 4137813.677654 -2.155549
298430.795833 4137813.391743 -2.158887
298430.613454 4137813.152636 -2.161521
298430.422256 4137812.917219 -2.164112
298430.231893 4137812.681623 -2.167825
298430.041821 4137812.449265 -2.168651
298429.824264 4137812.189858 -2.170133
298429.612626 4137811.922294 -2.170061
298429.400344 4137811.647075 -2.170943
298429.174207 4137811.370020 -2.171119
298428.943590 4137811.099781 -2.170822
298428.707894 4137810.812446 -2.171607
298428.489226 4137810.546686 -2.173797
298428.298004 4137810.310291 -2.174065
298428.084707 4137810.043339 -2.174448
298427.871766 4137809.772255 -2.175073
298427.667076 4137809.521833 -2.175030
298427.469726 4137809.269365 -2.176334
298427.266839 4137809.014495 -2.175875
298427.072526 4137808.758989 -2.176153
298426.871498 4137808.501853 -2.176129
298426.679822 4137808.267170 -2.175484
298426.489009 4137808.033011 -2.164395
298426.313831 4137807.788138 -2.156670
298426.135935 4137807.541895 -2.155473
298425.942075 4137807.287013 -2.156409
298425.732104 4137807.037136 -2.155450
298425.504931 4137806.792952 -2.155182
298425.297316 4137806.562354 -2.154841
298425.094811 4137806.321173 -2.153996
298424.871130 4137806.048254 -2.153309
298424.668205 4137805.785566 -2.153375
298424.490359 4137805.542991 -2.152347
298424.300329 4137805.270885 -2.152129
298424.099211 4137805.012648 -2.151663
298423.895927 4137804.755186 -2.151233
298423.697592 4137804.510573 -2.160677
298423.499869 4137804.253412 -2.163887
298423.308717 4137803.996339 -2.165899
298423.127880 4137803.745917 -2.166352
298422.923754 4137803.466378 -2.171508
298422.722709 4137803.169515 -2.181923
298422.542359 4137802.922555 -2.181583
298422.342184 4137802.668275 -2.181206
298422.124477 4137802.404242 -2.184521
298421.904052 4137802.127919 -2.184583
298421.670714 4137801.847690 -2.185515
298421.468630 4137801.622751 -2.188449
298421.267023 4137801.370549 -2.189347
298421.019283 4137801.101398 -2.191361
298420.787778 4137800.866449 -2.193695
298420.579070 4137800.637472 -2.193306
298420.353535 4137800.350202 -2.192117
298420.169192 4137800.100692 -2.192960
298419.957288 4137799.844538 -2.193485
298419.758053 4137799.603325 -2.194487
298419.526604 4137799.320739 -2.195376
298419.291132 4137799.048116 -2.197576
298419.083882 4137798.814196 -2.199573
298418.879493 4137798.578139 -2.201937
298418.668054 4137798.333113 -2.201680
298418.461713 4137798.079785 -2.198739
298418.246410 4137797.817527 -2.197832
298418.027444 4137797.558793 -2.196865
298417.814339 4137797.296256 -2.197434
298417.588508 4137797.040427 -2.196626
298417.361886 4137796.782980 -2.197414
298417.155558 4137796.532403 -2.195720
298416.964055 4137796.291034 -2.195371
298416.765435 4137796.042415 -2.195926
298416.586273 4137795.800230 -2.196520
298416.398986 4137795.563043 -2.198148
298416.212288 4137795.327569 -2.199830
298416.012880 4137795.078639 -2.199013
298415.813314 4137794.838386 -2.199041
298415.599522 4137794.566013 -2.191002
298415.394243 4137794.330278 -2.184914
298415.168599 4137794.051380 -2.171908
298414.955679 4137793.787065 -2.164409
298414.739315 4137793.535881 -2.162211
298414.546732 4137793.286574 -2.161254
298414.360325 4137793.024464 -2.159314
298414.182628 4137792.744478 -2.158877
298414.016482 4137792.494442 -2.158088
298413.824017 4137792.251299 -2.157510
298413.622173 4137791.985758 -2.167807
298413.438992 4137791.731097 -2.168516
298413.262085 4137791.464295 -2.170418
298413.032798 4137791.193038 -2.170957
298412.844713 4137790.937535 -2.172071
298412.652201 4137790.677201 -2.173357
298412.457654 4137790.394670 -2.173960
298412.247265 4137790.168318 -2.173727
298412.040495 4137789.934524 -2.173193
298411.831977 4137789.697748 -2.173939
298411.640052 4137789.457735 -2.176231
298411.455148 4137789.214443 -2.177950
298411.273364 4137788.974299 -2.178616
298411.094531 4137788.727689 -2.180757
298410.903552 4137788.495532 -2.180917
298410.691286 4137788.262985 -2.181719
298410.483803 4137788.014100 -2.181506
298410.273092 4137787.733112 -2.181381
298410.075623 4137787.475289 -2.181145
298409.862764 4137787.179344 -2.174077
298409.655278 4137786.888266 -2.161733
298409.465808 4137786.624491 -2.148092
298409.263075 4137786.337066 -2.139472
298409.086442 4137786.080146 -2.134494
298408.869142 4137785.784945 -2.133176
298408.661219 4137785.494586 -2.122745
298408.443949 4137785.234938 -2.103942
298408.243462 4137784.936733 -2.089773
298408.056787 4137784.649636 -2.069706
298407.899245 4137784.349597 -2.037501
298407.731009 4137784.082677 -1.999367
298407.545129 4137783.821422 -1.971431
298407.350795 4137783.540681 -1.950373
298407.186964 4137783.255179 -1.927395
298407.025198 4137782.982921 -1.893510
298406.887737 4137782.683684 -1.837776
298406.731565 4137782.365672 -1.786512
298406.614618 4137782.079250 -1.738273
298406.505699 4137781.767504 -1.686186
298406.406110 4137781.441700 -1.635730
298406.295927 4137781.112241 -1.598088
298406.184004 4137780.766941 -1.549026
298406.110774 4137780.409380 -1.508243
298406.081601 4137780.091876 -1.483034
298406.047112 4137779.770107 -1.462181
298406.040783 4137779.464625 -1.444501
298406.036568 4137779.109635 -1.424691
298406.010863 4137778.754745 -1.410659
298406.053452 4137778.391940 -1.389894
298406.121963 4137778.035468 -1.362036
298406.191653 4137777.707724 -1.323327
298406.265122 4137777.396726 -1.271687
298406.355749 4137777.035486 -1.233617
298406.447083 4137776.674367 -1.204476
298406.520050 4137776.289309 -1.171893
298406.596040 4137775.905932 -1.140901
298406.670819 4137775.537304 -1.105980
298406.733809 4137775.234554 -1.074373
298406.866611 4137774.868025 -1.047116
298406.990532 4137774.591583 -1.031210
298407.135037 4137774.300704 -1.005286
298407.275275 4137774.012065 -0.978576
298407.447337 4137773.741954 -0.954402
298407.638150 4137773.402129 -0.919318
298407.802440 4137773.129295 -0.900477
298407.962021 4137772.872300 -0.873621
298408.194847 4137772.548530 -0.831735
298408.420257 4137772.236707 -0.788831
298408.679967 4137771.948976 -0.739457
298408.949711 4137771.654083 -0.690133
298409.207067 4137771.353371 -0.668878
298409.414293 4137771.127572 -0.655971
298409.670419 4137770.821662 -0.646151
298409.868776 4137770.587810 -0.631891
298410.085806 4137770.375302 -0.607067
298410.317746 4137770.156290 -0.586969
298410.553212 4137769.955577 -0.569053
298410.807853 4137769.758863 -0.557904
298411.089063 4137769.582324 -0.549246
298411.345422 4137769.396716 -0.551487
298411.612952 4137769.199901 -0.550116
298411.867926 4137768.999195 -0.570291
298412.123169 4137768.779699 -0.597718
298412.384776 4137768.579420 -0.607547
298412.651557 4137768.387934 -0.607339
298412.908515 4137768.180052 -0.612895
298413.177473 4137767.999480 -0.628187
298413.446971 4137767.802332 -0.633501
298413.713741 4137767.623410 -0.638188
298413.984741 4137767.475992 -0.644681
298414.258321 4137767.287468 -0.649997
298414.528570 4137767.069815 -0.650942
298414.834216 4137766.847712 -0.651769
298415.137063 4137766.604905 -0.651966
298415.421789 4137766.345581 -0.653513
298415.707336 4137766.108344 -0.653351
298415.977495 4137765.881233 -0.654227
298416.228914 4137765.665730 -0.656024
298416.469452 4137765.464532 -0.656197
298416.711125 4137765.260713 -0.658296
298416.942503 4137765.069746 -0.658904
298417.180010 4137764.867151 -0.659948
298417.448935 4137764.628313 -0.661138
298417.723597 4137764.384147 -0.661597
298417.965419 4137764.167369 -0.661650
298418.203485 4137763.958448 -0.661472
298418.431571 4137763.763265 -0.662938
298418.662935 4137763.530888 -0.677551
298418.906399 4137763.310464 -0.680698
298419.153374 4137763.135457 -0.682769
298419.391265 4137762.896062 -0.683037
298419.629378 4137762.665970 -0.684211
298419.878463 4137762.461292 -0.685476
298420.105280 4137762.243757 -0.685012
298420.337281 4137762.052495 -0.685158
298420.592794 4137761.825349 -0.685267
298420.856959 4137761.600957 -0.686893
298421.102999 4137761.388228 -0.688657
298421.320435 4137761.181501 -0.689462
298421.564154 4137760.935327 -0.689645
298421.835773 4137760.719504 -0.689587
298422.098833 4137760.516972 -0.689536
298422.325377 4137760.318502 -0.691002
298422.571854 4137760.100543 -0.675170
298422.825954 4137759.874255 -0.654213
298423.087875 4137759.651222 -0.642361
298423.349085 4137759.424945 -0.640300
298423.578664 4137759.226584 -0.638563
298423.827673 4137759.007155 -0.636860
298424.086567 4137758.792133 -0.637501
298424.352373 4137758.583843 -0.636874
298424.619377 4137758.388626 -0.613520
298424.878563 4137758.203227 -0.570538
298425.129477 4137758.037395 -0.547474
298425.370653 4137757.857545 -0.519448
298425.601577 4137757.665872 -0.495175
298425.840805 4137757.467986 -0.485917
298426.090797 4137757.277645 -0.456790
298426.377021 4137757.089891 -0.419888
298426.638804 4137756.934588 -0.402829
298426.939942 4137756.753881 -0.395369
298427.258412 4137756.570528 -0.381878
298427.611654 4137756.422022 -0.347322
298427.940726 4137756.276407 -0.324652
298428.272203 4137756.124636 -0.319877
298428.589459 4137756.001743 -0.312928
298428.905822 4137755.893526 -0.273766
298429.238482 4137755.781050 -0.229678
298429.557984 4137755.678866 -0.204944
298429.890756 4137755.588958 -0.169851
298430.225298 4137755.468788 -0.150076
298430.529484 4137755.356590 -0.122432
298430.841208 4137755.229957 -0.117929
298431.190113 4137755.102701 -0.116069
298431.532057 4137755.022551 -0.100511
298431.860369 4137754.989169 -0.089315
298432.209040 4137754.958367 -0.079739
298432.595190 4137754.920776 -0.055225
298432.911934 4137754.909906 -0.041546
298433.281510 4137754.861468 -0.035635
298433.652791 4137754.839770 -0.023205
298434.029014 4137754.841019 0.014664
298434.399267 4137754.863817 0.066168
298434.775674 4137754.868531 0.125564
298435.105659 4137754.876506 0.184294
298435.439866 4137754.909351 0.244162
298435.744290 4137754.886203 0.288913
298436.100480 4137754.847057 0.311413
298436.444457 4137754.842720 0.339984
298436.755175 4137754.842057 0.393152
298437.143032 4137754.902742 0.471749
298437.441515 4137754.967299 0.519827
298437.775238 4137755.055919 0.546648
298438.147132 4137755.187762 0.581531
298438.438339 4137755.294748 0.600593
298438.720871 4137755.398109 0.621552
298439.016159 4137755.505628 0.646311
298439.341935 4137755.676857 0.709366
298439.622125 4137755.882341 0.800625
298439.863531 4137756.083462 0.870531
298440.119353 4137756.310375 0.944219
298440.390289 4137756.519077 0.971477
298440.647356 4137756.719637 0.984840
298440.914939 4137756.910938 0.983825
298441.181090 4137757.073694 0.967691
298441.499886 4137757.277699 0.942055
298441.752675 4137757.525520 0.947927
298442.006091 4137757.773827 0.945956
298442.244503 4137758.040643 0.946365
298442.405886 4137758.368945 0.945596
298442.612467 4137758.661068 0.951290
298442.760694 4137758.994403 0.958752
298442.948431 4137759.291990 0.975780
298443.115704 4137759.600262 1.002040
298443.310253 4137759.884480 1.025721
298443.494117 4137760.139856 1.031474
298443.717465 4137760.421849 1.033701
298443.922620 4137760.676459 1.035639
298444.143422 4137760.929267 1.017533
298444.368847 4137761.164978 0.991593
298444.588719 4137761.416757 0.980849
298444.819086 4137761.708757 0.979123
298445.054259 4137761.983937 0.968706
298445.199768 4137762.255672 0.967108
298445.371055 4137762.505555 0.966162
298445.552689 4137762.836596 0.966698
298445.704274 4137763.095847 0.962217
298445.940651 4137763.382947 0.939914
298446.123398 4137763.628433 0.939913
298446.314816 4137763.887535 0.938027
298446.526797 4137764.167297 0.936936
298446.752738 4137764.460191 0.936039
298446.986600 4137764.747412 0.930585
298447.229262 4137765.025490 0.908684
298447.461510 4137765.289013 0.904080
298447.695544 4137765.546519 0.902766
298447.894343 4137765.772970 0.903041
298448.129250 4137766.028784 0.902398
298448.394412 4137766.322132 0.901918
298448.664150 4137766.611521 0.902147
298448.910853 4137766.884375 0.902956
298449.144687 4137767.149590 0.902763
298449.357279 4137767.388471 0.910331
298449.557496 4137767.629996 0.947450
298449.770683 4137767.867835 0.956771
298449.989431 4137768.089477 0.959361
298450.240023 4137768.337830 0.961140
298450.508227 4137768.632144 0.962687
298450.771324 4137768.892378 0.964816
298451.013592 4137769.152757 0.967678
298451.223580 4137769.381047 0.974916
298451.394232 4137769.630199 0.978128
298451.659223 4137769.927487 0.983076
298451.850702 4137770.200548 0.983680
298452.052347 4137770.442748 0.985625
298452.217431 4137770.695387 0.990997
298452.459125 4137770.992370 0.991162
298452.670961 4137771.317363 0.996261
298452.909328 4137771.610818 0.997746
298453.133418 4137771.910235 0.999847
298453.345172 4137772.195731 1.002258
298453.556438 4137772.473025 1.003709
298453.778523 4137772.767278 1.004899
298453.990042 4137773.052045 1.004641
298454.173898 4137773.306249 0.996974
298454.382870 4137773.565871 0.993464
298454.591733 4137773.846443 0.991314
298454.778232 4137774.113623 0.990926
298454.953879 4137774.390275 0.990770
298455.165068 4137774.657309 0.985218
298455.342028 4137774.901621 0.973725
298455.519885 4137775.145175 0.966494
298455.715760 4137775.411612 0.964935
298455.919102 4137775.677200 0.963745
298456.126049 4137775.944810 0.961433
298456.341258 4137776.226359 0.960418
298456.554797 4137776.498616 0.958482
298456.780283 4137776.765580 0.954384
298457.006468 4137777.029541 0.949706
298457.222765 4137777.286486 0.947595
298457.421098 4137777.528107 0.947999
298457.636022 4137777.792567 0.953184
298457.828697 4137778.024889 0.956059
298458.027092 4137778.263701 0.958359
298458.256141 4137778.525975 0.959270
298458.481331 4137778.795459 0.972412
298458.682683 4137779.023207 0.984106
298458.914937 4137779.285128 0.985961
298459.122107 4137779.517159 0.987163
298459.354882 4137779.789112 0.989086
298459.585189 4137780.076961 0.991729
298459.798879 4137780.372834 0.994649
298459.998555 4137780.656105 0.995678
298460.201272 4137780.936847 0.997750
298460.376995 4137781.189492 1.000995
298460.553687 4137781.440393 1.003223
298460.759501 4137781.719468 1.004384
298460.944096 4137781.962805 1.005108
298461.140507 4137782.211293 1.006469
298461.365489 4137782.480983 1.000116
298461.573173 4137782.750794 0.998285
298461.774842 4137783.017064 0.998322
298461.975986 4137783.290884 0.997478
298462.169258 4137783.539239 0.998167
298462.406708 4137783.836643 0.997356
298462.578300 4137784.103640 0.994694
298462.784530 4137784.397373 0.992302
298462.986379 4137784.679528 0.992512
298463.222804 4137784.962091 0.993799
298463.444911 4137785.233240 0.993102
298463.681078 4137785.523455 0.992939
298463.905111 4137785.811231 0.991574
298464.090540 4137786.057569 0.994148
298464.305860 4137786.352309 0.999678
298464.529920 4137786.659159 1.003969
298464.725225 4137786.905044 1.004009
298464.947928 4137787.187787 1.006708
298465.152619 4137787.466288 1.008471
298465.337558 4137787.708577 1.009218
298465.518802 4137787.949830 1.010031
298465.718492 4137788.200709 1.010760
298465.905350 4137788.443335 1.011554
298466.087710 4137788.683773 1.012265
298466.300137 4137788.947213 1.012492
298466.492106 4137789.185692 1.013242
298466.707927 4137789.448907 1.013440
298466.909171 4137789.696972 1.014532
298467.111562 4137789.960484 1.015148
298467.312047 4137790.215691 1.016033
298467.496437 4137790.461038 1.016604
298467.690478 4137790.703602 1.017259
298467.881529 4137790.945431 1.019157
298468.114739 4137791.269465 1.021856
298468.351474 4137791.589744 1.014150
298468.588402 4137791.910930 1.011439
298468.778140 4137792.154396 1.010725
298468.952182 4137792.401322 1.009301
298469.144260 4137792.655212 1.008529
298469.329274 4137792.917568 1.007283
298469.533372 4137793.180428 1.001269
298469.736484 4137793.453504 0.994565
298469.944353 4137793.716389 0.988294
298470.139383 4137793.971153 0.984614
298470.362965 4137794.257548 0.985147
298470.564949 4137794.511093 0.983830
298470.770644 4137794.787243 0.983602
298470.990345 4137795.060694 0.977638
298471.199264 4137795.333128 0.960075
298471.421720 4137795.606378 0.948289
298471.628632 4137795.877481 0.942754
298471.848444 4137796.149617 0.941941
298472.059118 4137796.421919 0.940819
298472.277369 4137796.697378 0.939160
298472.485291 4137796.967701 0.938927
298472.724961 4137797.265723 0.938305
298472.945010 4137797.536232 0.936832
298473.182355 4137797.801767 0.936341
298473.426667 4137798.072872 0.935456
298473.667338 4137798.331188 0.934453
298473.918918 4137798.603644 0.934435
298474.159493 4137798.856969 0.934161
298474.409229 4137799.127336 0.934334
298474.607412 4137799.358960 0.940818
298474.865681 4137799.652911 0.949698
298475.085529 4137799.904134 0.951307
298475.334239 4137800.178875 0.953859
298475.564447 4137800.431643 0.955445
298475.786943 4137800.683504 0.956906
298476.009562 4137800.929743 0.958456
298476.218923 4137801.173280 0.959707
298476.443173 4137801.431507 0.961181
298476.637828 4137801.660302 0.962560
298476.896254 4137801.966386 0.962788
298477.110116 4137802.221472 0.964647
298477.340123 4137802.511214 0.985894
298477.554548 4137802.793878 0.998730
298477.765579 4137803.065519 1.007508
298477.979875 4137803.332654 1.010033
298478.188346 4137803.560409 1.012877
298478.416771 4137803.841898 1.015548
298478.635114 4137804.104611 1.017207
298478.866738 4137804.362509 1.018671
298479.084189 4137804.604308 1.020242
298479.343723 4137804.908103 1.021336
298479.579054 4137805.187355 1.023864
298479.785255 4137805.480297 1.025653
298480.004943 4137805.774794 1.028340
298480.192216 4137806.039221 1.029409
298480.442871 4137806.363310 1.032637
298480.641544 4137806.647550 1.035258
298480.865221 4137806.959252 1.036077
298481.073983 4137807.256118 1.036368
298481.273718 4137807.540213 1.037099
298481.486944 4137807.836996 1.039286
298481.694733 4137808.126536 1.039832
298481.915821 4137808.429093 1.040336
298482.134397 4137808.711520 1.042109
298482.352458 4137809.007273 1.043050
298482.536446 4137809.259431 1.044130
298482.779400 4137809.588290 1.042405
298482.979574 4137809.858742 1.042677
298483.207874 4137810.159661 1.043553
298483.416248 4137810.437160 1.043581
298483.629276 4137810.717528 1.023103
298483.837774 4137810.982923 1.005865
298484.050630 4137811.262602 0.991017
298484.256675 4137811.530034 0.988783
298484.424074 4137811.780350 0.987602
298484.660445 4137812.096735 0.986209
298484.845592 4137812.366471 0.985694
298485.071917 4137812.676298 0.985112
298485.271629 4137812.966640 0.983276
298485.471439 4137813.228765 0.982318
298485.679927 4137813.494848 0.981399
298485.923946 4137813.771817 0.980827
298486.143715 4137814.027060 0.980112
298486.378268 4137814.296702 0.979696
298486.594836 4137814.549440 0.976634
298486.813528 4137814.804880 0.974262
298487.015733 4137815.051016 0.973605
298487.232288 4137815.300713 0.973070
298487.423686 4137815.539939 0.971984
298487.624470 4137815.784662 0.970617
298487.826572 4137816.021815 0.970760
298488.024831 4137816.251391 0.970115
298488.271175 4137816.546457 0.969248
298488.513122 4137816.836405 0.969679
298488.742718 4137817.118397 0.969392
298488.966853 4137817.392024 0.969305
298489.188193 4137817.656385 0.972687
298489.404111 4137817.906792 0.978392
298489.606171 4137818.137843 0.979913
298489.830659 4137818.391932 0.982022
298490.031751 4137818.618541 0.983290
298490.239717 4137818.840538 0.984635
298490.485896 4137819.114180 0.986853
298490.715092 4137819.382749 0.988898
298490.905534 4137819.632329 0.992130
298491.097099 4137819.873926 0.997303
298491.301523 4137820.139461 0.998561
298491.492369 4137820.405449 1.005630
298491.674226 4137820.658453 1.014376
298491.877493 4137820.928488 1.025095
298492.086375 4137821.220937 1.047734
298492.301375 4137821.481707 1.053298
298492.498039 4137821.713753 1.059097
298492.683870 4137821.991305 1.064730
298492.859029 4137822.279596 1.069787
298493.032985 4137822.549898 1.072710
298493.238462 4137822.843284 1.076088
298493.436819 4137823.130347 1.077968
298493.627295 4137823.395993 1.080490
298493.817139 4137823.669261 1.081793
298494.013412 4137823.958788 1.083568
298494.181510 4137824.212492 1.083776
298494.399916 4137824.514743 1.079305
298494.624150 4137824.816403 1.061855
298494.822254 4137825.070443 1.053909
298494.993616 4137825.320566 1.054534
298495.212095 4137825.606919 1.051301
298495.414304 4137825.904937 1.048753
298495.599645 4137826.191207 1.048765
298495.781693 4137826.485815 1.048501
298495.979734 4137826.775377 1.048599
298496.187546 4137827.054660 1.047588
298496.397423 4137827.332657 1.046788
298496.599177 4137827.600877 1.044243
298496.799103 4137827.861586 1.044034
298496.984663 4137828.103413 1.044620
298497.169970 4137828.358847 1.042096
298497.383691 4137828.655810 1.037767
298497.601608 4137828.960317 1.037089
298497.799466 4137829.227268 1.035653
298498.005795 4137829.500326 1.035934
298498.191455 4137829.742546 1.035580
298498.386127 4137829.991185 1.034038
298498.573439 4137830.227684 1.026577
298498.788321 4137830.486560 1.022234
298498.986017 4137830.758212 1.019867
298499.176083 4137831.019241 1.019014
298499.373582 4137831.290776 1.017320
298499.569048 4137831.560995 1.020844
298499.746786 4137831.813064 1.020198
298499.943173 4137832.053168 1.021483
298500.141007 4137832.304352 1.021527
298500.334155 4137832.549931 1.021100
298500.527622 4137832.794376 1.020998
298500.716529 4137833.037392 1.022013
298500.945080 4137833.327536 1.022979
298501.148977 4137833.586171 1.022929
298501.370548 4137833.893474 1.023311
298501.571849 4137834.167254 1.023303
298501.769242 4137834.423216 1.023433
298501.966190 4137834.669135 1.023671
298502.171011 4137834.924542 1.023316
298502.379951 4137835.190790 1.023467
298502.584247 4137835.453818 1.023686
298502.798364 4137835.725825 1.021003
298503.011737 4137835.988586 1.018872
298503.202615 4137836.235726 1.015551
298503.403122 4137836.486991 1.015084
298503.611652 4137836.731706 1.015082
298503.852701 4137837.003144 1.015817
298504.076485 4137837.269194 1.016744
298504.300978 4137837.546759 1.016541
298504.527493 4137837.832834 1.017497
298504.727602 4137838.084437 1.017907
298504.958414 4137838.360264 1.017523
298505.181521 4137838.643319 1.016742
298505.387019 4137838.921438 1.016202
298505.614571 4137839.211814 1.016395
298505.827513 4137839.496523 1.015348
298506.058511 4137839.796179 1.015612
298506.254964 4137840.041201 1.014533
298506.474886 4137840.318420 1.013935
298506.726480 4137840.621113 1.012321
298506.966206 4137840.920414 1.011172
298507.150421 4137841.157470 1.011019
298507.395869 4137841.451470 1.011456
298507.589071 4137841.689861 1.012009
298507.793089 4137841.944319 1.012438
298508.027586 4137842.241213 1.012028
298508.278538 4137842.552019 1.010581
298508.473434 4137842.792743 1.008735
298508.665831 4137843.030460 1.008557
298508.849718 4137843.271387 1.009584
298509.040684 4137843.506564 1.009127
298509.257370 4137843.777518 1.008250
298509.490933 4137844.076040 1.007573
298509.705974 4137844.327817 1.007681
298509.910871 4137844.576061 1.008750
298510.109008 4137844.811511 1.009295
298510.319580 4137845.072413 1.008787
298510.520188 4137845.323563 1.009139
298510.719023 4137845.562432 1.008570
298510.919638 4137845.814525 1.009007
298511.174217 4137846.127985 1.009833
298511.372821 4137846.362989 1.009724
298511.575069 4137846.605101 1.009860
298511.776118 4137846.839116 1.009536
298511.976370 4137847.083818 1.009875
298512.183429 4137847.330230 1.010526
298512.376660 4137847.561914 1.016039
298512.576558 4137847.816052 1.015570
298512.769583 4137848.050765 1.017980
298512.972641 4137848.291911 1.019487
298513.179360 4137848.539761 1.021287
298513.384861 4137848.781687 1.022168
298513.593990 4137849.027911 1.023368
298513.796221 4137849.266141 1.024866
298513.993796 4137849.498495 1.026380
298514.205342 4137849.749718 1.027494
298514.405602 4137849.990381 1.032152
298514.599373 4137850.244730 1.045703
298514.802891 4137850.494754 1.050683
298514.995428 4137850.739225 1.052081
298515.192434 4137850.980791 1.054336
298515.440222 4137851.292070 1.056593
298515.689231 4137851.595328 1.057389
298515.933585 4137851.898855 1.058053
298516.158051 4137852.191591 1.059400
298516.338418 4137852.448112 1.061611
298516.544433 4137852.737089 1.061798
298516.765688 4137853.051893 1.063173
298516.955761 4137853.306210 1.064523
298517.137217 4137853.557222 1.065511
298517.346217 4137853.838252 1.068406
298517.536862 4137854.082536 1.070859
298517.761033 4137854.372680 1.072604
298517.951734 4137854.624800 1.074555
298518.160294 4137854.906230 1.076191
298518.378095 4137855.205799 1.077126
298518.564979 4137855.461262 1.077284
298518.775960 4137855.752125 1.078044
298518.984581 4137856.035477 1.077771
298519.207929 4137856.340395 1.077852
298519.413678 4137856.623274 1.078388
298519.621690 4137856.901000 1.079274
298519.824288 4137857.173473 1.080716
298520.013580 4137857.427493 1.081581
298520.209393 4137857.697799 1.081163
298520.389466 4137857.954344 1.082457
298520.594812 4137858.245212 1.084139
298520.768048 4137858.494216 1.084705
298520.978644 4137858.768891 1.062189
298521.175621 4137859.049202 1.026929
298521.338001 4137859.302650 1.019664
298521.507770 4137859.563079 1.018763
298521.683854 4137859.822096 1.018295
298521.891102 4137860.065644 1.019525
298522.115155 4137860.286885 1.019043
298522.338947 4137860.519463 1.018819
298522.535619 4137860.747492 1.020761
298522.724784 4137860.985255 1.021479
298522.913440 4137861.244042 1.022222
298523.119330 4137861.507699 1.019925
298523.331496 4137861.765185 1.017508
298523.541798 4137862.007298 1.017828
298523.753962 4137862.234176 1.017739
298523.980310 4137862.473523 1.016819
298524.201341 4137862.717375 1.015654
298524.425487 4137862.983629 1.015331
298524.650801 4137863.253918 1.013310
298524.834213 4137863.493287 1.013555
298525.016927 4137863.734647 1.013847
298525.220721 4137863.998864 1.012938
298525.419500 4137864.236242 1.013208
298525.641534 4137864.488274 1.012650
298525.863097 4137864.747210 1.011998
298526.061723 4137864.983384 1.010660
298526.270401 4137865.216302 1.012319
298526.475720 4137865.456802 1.012433