302560.979895 4123892.206411 1.111070 1
302561.115280 4123892.496953 1.124863 1
302561.257157 4123892.772105 1.128272 1
302561.407029 4123893.037643 1.129455 1
302561.553117 4123893.317407 1.139598 1
302561.697199 4123893.597227 1.143553 1
302561.851739 4123893.891660 1.139660 1
302562.010451 4123894.179768 1.137362 1
302562.152723 4123894.445914 1.137148 1
302562.301192 4123894.710810 1.134630 1
302562.458264 4123895.000081 1.133305 1
302562.605038 4123895.267445 1.131611 1
302562.760997 4123895.539368 1.128876 1
302562.919093 4123895.818482 1.130243 1
302563.072346 4123896.098585 1.130285 1
302563.235594 4123896.384852 1.129311 1
302563.400596 4123896.674102 1.128025 1
302563.551547 4123896.946023 1.126464 1
302563.705763 4123897.222455 1.126065 1
302563.869445 4123897.509612 1.118315 1
302564.024266 4123897.769629 1.113946 1
302564.191870 4123898.058698 1.111602 1
302564.360452 4123898.351708 1.110524 1
302564.511727 4123898.621765 1.121255 1
302564.650276 4123898.894309 1.130974 1
302564.790710 4123899.171450 1.132332 1
302564.941516 4123899.456691 1.129612 1
302565.089709 4123899.731339 1.123424 1
302565.263509 4123900.045928 1.120670 1
302565.423090 4123900.333996 1.118337 1
302565.566793 4123900.600377 1.116044 1
302565.718896 4123900.863681 1.113626 1
302565.868006 4123901.136795 1.112197 1
302566.029987 4123901.418692 1.109729 1
302566.201711 4123901.711848 1.107262 1
302566.380363 4123902.016986 1.104815 1
302566.558253 4123902.316654 1.104475 1
302566.740313 4123902.622578 1.101831 1
302566.917741 4123902.921722 1.103511 1
302567.068094 4123903.186985 1.107036 1
302567.218716 4123903.449583 1.108220 1
302567.376057 4123903.722299 1.109143 1
302567.539470 4123904.008139 1.109297 1
302567.704244 4123904.297590 1.108360 1
302567.875364 4123904.599206 1.110325 1
302568.034656 4123904.884738 1.112731 1
302568.189958 4123905.162124 1.113654 1
302568.357566 4123905.468353 1.112302 1
302568.527253 4123905.755659 1.114857 1
302568.693256 4123906.044849 1.116425 1
302568.848858 4123906.319024 1.118257 1
302569.015218 4123906.601479 1.119486 1
302569.173466 4123906.887009 1.119456 1
302569.333697 4123907.175184 1.120322 1
302569.497702 4123907.474398 1.124346 1
302569.664406 4123907.782288 1.125275 1
302569.814209 4123908.056053 1.128081 1
302569.960334 4123908.347867 1.145621 1
302570.121505 4123908.658242 1.150906 1
302570.285649 4123908.972038 1.153487 1
302570.440728 4123909.276334 1.153596 1
302570.595717 4123909.569760 1.150645 1
302570.736170 4123909.836076 1.149313 1
302570.883133 4123910.110414 1.146669 1
302571.042421 4123910.399391 1.146354 1
302571.199057 4123910.699466 1.144183 1
302571.356957 4123910.995163 1.142642 1
302571.513306 4123911.285254 1.141464 1
302571.669877 4123911.569887 1.141569 1
302571.841704 4123911.852892 1.124516 1
302571.999192 4123912.136404 1.121551 1
302572.166374 4123912.422775 1.118845 1
302572.333064 4123912.710891 1.116798 1
302572.491880 4123912.991584 1.115494 1
302572.646599 4123913.252106 1.113180 1
302572.808354 4123913.521856 1.111511 1
302572.981927 4123913.818732 1.109894 1
302573.158486 4123914.113880 1.108436 1
302573.331879 4123914.407974 1.108000 1
302573.495715 4123914.686791 1.108871 1
302573.657251 4123914.970451 1.108947 1
302573.812496 4123915.264502 1.119090 1
302573.971166 4123915.553919 1.122871 1
302574.125015 4123915.840775 1.125234 1
302574.283101 4123916.123936 1.127308 1
302574.446273 4123916.418916 1.127102 1
302574.605486 4123916.712993 1.128275 1
302574.767128 4123917.009780 1.133241 1
302574.932560 4123917.295180 1.134375 1
302575.095642 4123917.592296 1.134750 1
302575.245104 4123917.870213 1.136288 1
302575.392674 4123918.142242 1.136709 1
302575.553333 4123918.437456 1.137212 1
302575.712027 4123918.735835 1.138761 1
302575.868288 4123919.026236 1.139571 1
302576.029916 4123919.327334 1.140865 1
302576.185076 4123919.618299 1.141111 1
302576.356973 4123919.938369 1.141133 1
302576.517616 4123920.239406 1.143422 1
302576.682827 4123920.543701 1.143215 1
302576.839357 4123920.834641 1.143960 1
302576.983740 4123921.110387 1.145084 1
302577.148083 4123921.418938 1.144446 1
302577.300311 4123921.712955 1.145789 1
302577.459173 4123922.018233 1.145996 1
302577.617423 4123922.324708 1.145726 1
302577.765387 4123922.607899 1.146306 1
302577.905787 4123922.879178 1.139874 1
302578.060743 4123923.138978 1.134607 1
302578.217978 4123923.427500 1.132871 1
302578.383525 4123923.707057 1.130297 1
302578.566728 4123923.996350 1.112731 1
302578.752807 4123924.304598 1.110609 1
302578.929765 4123924.595550 1.109696 1
302579.118440 4123924.909745 1.107331 1
302579.290457 4123925.207801 1.105980 1
302579.471763 4123925.512031 1.104513 1
302579.654336 4123925.817205 1.102203 1
302579.823602 4123926.109755 1.099839 1
302579.983230 4123926.377939 1.098180 1
302580.166440 4123926.681740 1.095886 1
302580.340619 4123926.975961 1.093883 1
302580.513543 4123927.256539 1.092167 1
302580.677407 4123927.520887 1.091436 1
302580.837973 4123927.789678 1.091459 1
302581.012798 4123928.086225 1.093452 1
302581.192347 4123928.379110 1.093128 1
302581.353004 4123928.654332 1.097582 1
302581.506793 4123928.913291 1.097880 1
302581.673806 4123929.192482 1.097772 1
302581.839617 4123929.472884 1.097256 1
302582.001383 4123929.750544 1.096260 1
302582.166563 4123930.029791 1.095955 1
302582.336594 4123930.319176 1.097396 1
302582.497987 4123930.589245 1.097137 1
302582.658596 4123930.855347 1.097617 1
302582.817634 4123931.124192 1.097459 1
302582.981235 4123931.391242 1.098210 1
302583.141521 4123931.663136 1.099609 1
302583.307829 4123931.955944 1.101203 1
302583.461062 4123932.221661 1.103080 1
302583.635006 4123932.512175 1.103225 1
302583.788877 4123932.777789 1.108453 1
302583.968435 4123933.086216 1.111172 1
302584.143241 4123933.391507 1.111400 1
302584.292594 4123933.655445 1.111812 1
302584.457071 4123933.948768 1.113414 1
302584.614939 4123934.225544 1.114496 1
302584.763029 4123934.491010 1.114826 1
302584.919979 4123934.773034 1.115620 1
302585.076310 4123935.062286 1.115476 1
302585.224947 4123935.326010 1.115857 1
302585.404203 4123935.647289 1.115921 1
302585.569592 4123935.932507 1.115769 1
302585.743633 4123936.234339 1.116662 1
302585.908407 4123936.506471 1.110989 1
302586.070628 4123936.776330 1.106002 1
302586.234363 4123937.045897 1.105034 1
302586.394084 4123937.306977 1.103898 1
302586.570447 4123937.611995 1.103001 1
302586.750695 4123937.920847 1.101019 1
302586.916461 4123938.184996 1.099977 1
302587.095501 4123938.480392 1.099376 1
302587.281088 4123938.776506 1.097915 1
302587.458306 4123939.051284 1.098537 1
302587.638842 4123939.349612 1.100241 1
302587.809579 4123939.634870 1.102903 1
302587.984029 4123939.924282 1.103817 1
302588.155670 4123940.220457 1.104103 1
302588.326685 4123940.502431 1.104358 1
302588.479628 4123940.769060 1.104587 1
302588.639112 4123941.038967 1.106458 1
302588.791977 4123941.303683 1.109402 1
302588.953660 4123941.593272 1.111601 1
302589.118701 4123941.881245 1.112162 1
302589.263712 4123942.150332 1.118686 1
302589.402931 4123942.426461 1.130490 1
302589.541073 4123942.694916 1.144646 1
302589.664581 4123942.972987 1.158936 1
302589.805893 4123943.250963 1.173162 1
302589.923817 4123943.528883 1.190530 1
302590.064229 4123943.834251 1.203807 1
302590.211586 4123944.153416 1.207359 1
302590.351609 4123944.459842 1.208000 1
302590.495017 4123944.783644 1.209280 1
302590.634745 4123945.102030 1.210339 1
302590.764458 4123945.381394 1.210359 1
302590.893024 4123945.662468 1.210963 1
302591.027702 4123945.971686 1.217059 1
302591.163140 4123946.290797 1.225458 1
302591.292736 4123946.602819 1.233755 1
302591.415825 4123946.906127 1.240745 1
302591.527653 4123947.187144 1.245648 1
302591.655565 4123947.507791 1.249242 1
302591.778108 4123947.813054 1.249506 1
302591.899015 4123948.115999 1.250566 1
302592.018236 4123948.429824 1.251234 1
302592.133228 4123948.718237 1.251292 1
302592.243918 4123949.001107 1.252038 1
302592.363896 4123949.293691 1.252779 1
302592.479308 4123949.599028 1.253861 1
302592.592973 4123949.877962 1.254974 1
302592.717295 4123950.157259 1.256821 1
302592.848246 4123950.473613 1.260794 1
302592.978313 4123950.788802 1.263288 1
302593.099297 4123951.091630 1.265961 1
302593.215610 4123951.403337 1.269770 1
302593.327627 4123951.704401 1.276229 1
302593.435522 4123952.001371 1.281452 1
302593.546199 4123952.310262 1.283859 1
302593.651516 4123952.613775 1.290149 1
302593.749992 4123952.909086 1.297530 1
302593.868781 4123953.253993 1.299702 1
302593.967901 4123953.540068 1.300799 1
302594.063017 4123953.836290 1.302069 1
302594.168426 4123954.142751 1.302176 1
302594.270873 4123954.450192 1.309247 1
302594.362244 4123954.737856 1.314543 1
302594.469574 4123955.054568 1.315767 1
302594.571527 4123955.352420 1.316760 1
302594.670803 4123955.660203 1.318858 1
302594.772656 4123955.967719 1.319974 1
302594.871649 4123956.275064 1.321081 1
302594.969497 4123956.568373 1.321366 1
302595.080155 4123956.912084 1.324912 1
302595.174637 4123957.203940 1.331635 1
302595.259940 4123957.494980 1.341082 1
302595.350778 4123957.814570 1.346105 1
302595.446439 4123958.133502 1.348499 1
302595.552868 4123958.485130 1.349919 1
302595.650642 4123958.817572 1.352179 1
302595.744081 4123959.125258 1.353252 1
302595.827633 4123959.425868 1.353431 1
302595.915319 4123959.755335 1.354486 1
302595.998037 4123960.046957 1.359464 1
302596.081687 4123960.344620 1.363067 1
302596.167370 4123960.640157 1.362771 1
302596.253303 4123960.927742 1.363346 1
302596.339558 4123961.225450 1.364622 1
302596.433898 4123961.568324 1.367341 1
302596.524475 4123961.916292 1.374917 1
302596.616023 4123962.251381 1.377021 1
302596.692019 4123962.545820 1.378403 1
302596.768614 4123962.841028 1.379042 1
302596.844330 4123963.133881 1.380129 1
302596.939060 4123963.480255 1.380033 1
302597.026504 4123963.825696 1.383139 1
302597.104109 4123964.146214 1.386275 1
302597.178557 4123964.439501 1.388030 1
302597.247701 4123964.740204 1.393421 1
302597.342656 4123965.098702 1.393434 1
302597.434790 4123965.449713 1.392246 1
302597.509099 4123965.769378 1.394036 1
302597.592464 4123966.087638 1.394041 1
302597.678127 4123966.439165 1.397082 1
302597.756905 4123966.787165 1.400817 1
302597.832060 4123967.097897 1.403864 1
302597.903653 4123967.421666 1.406386 1
302597.986887 4123967.767521 1.407203 1
302598.058366 4123968.084082 1.413480 1
302598.127717 4123968.445809 1.426023 1
302598.188763 4123968.771356 1.434126 1
302598.259078 4123969.104009 1.435157 1
302598.319867 4123969.443046 1.446855 1
302598.366532 4123969.756169 1.466137 1
302598.405233 4123970.055514 1.483139 1
302598.442246 4123970.388974 1.492445 1
302598.493216 4123970.726694 1.495528 1
302598.543974 4123971.058353 1.495016 1
302598.585117 4123971.385655 1.503990 1
302598.620956 4123971.705526 1.511512 1
302598.662278 4123972.028108 1.511283 1
302598.704404 4123972.342151 1.512185 1
302598.733216 4123972.651662 1.521545 1
302598.766769 4123972.960073 1.526909 1
302598.800517 4123973.272788 1.528176 1
302598.834086 4123973.584539 1.529264 1
302598.868210 4123973.896852 1.529554 1
302598.899866 4123974.212556 1.530630 1
302598.938298 4123974.535375 1.531089 1
302598.969451 4123974.838761 1.531477 1
302599.002263 4123975.182083 1.532256 1
302599.037123 4123975.491109 1.532784 1
302599.074036 4123975.813123 1.532745 1
302599.108301 4123976.127002 1.533003 1
302599.141500 4123976.433444 1.533536 1
302599.174167 4123976.752790 1.534081 1
302599.201356 4123977.074770 1.535177 1
302599.232404 4123977.431088 1.535626 1
302599.260782 4123977.766753 1.535577 1
302599.297793 4123978.099093 1.537451 1
302599.332727 4123978.430434 1.536977 1
302599.370222 4123978.744296 1.537718 1
302599.405202 4123979.087996 1.539187 1
302599.439856 4123979.400536 1.539092 1
302599.477404 4123979.722826 1.540536 1
302599.510696 4123980.042475 1.540126 1
302599.544108 4123980.342973 1.540476 1
302599.578854 4123980.686374 1.542016 1
302599.611532 4123980.997223 1.542467 1
302599.642005 4123981.308373 1.543868 1
302599.668192 4123981.617689 1.553093 1
302599.676654 4123981.927327 1.570505 1
302599.695928 4123982.229055 1.572707 1
302599.714763 4123982.535026 1.574301 1
302599.733101 4123982.835659 1.575473 1
302599.756957 4123983.139773 1.576922 1
302599.784829 4123983.497677 1.577392 1
302599.806759 4123983.803081 1.579520 1
302599.830481 4123984.157615 1.583722 1
302599.845957 4123984.494358 1.589750 1
302599.860643 4123984.814472 1.593024 1
302599.873656 4123985.118595 1.595199 1
302599.889212 4123985.461511 1.601735 1
302599.898486 4123985.782970 1.602653 1
302599.908726 4123986.095452 1.603765 1
302599.910748 4123986.428714 1.605903 1
302599.920310 4123986.758835 1.607297 1
302599.934893 4123987.061724 1.608699 1
302599.950615 4123987.382662 1.610014 1
302599.964212 4123987.684054 1.609943 1
