302596.554317 4123986.816408 1.603424 4
302596.546151 4123987.150912 1.604026 4
302596.559067 4123987.484484 1.605342 4
302596.558265 4123987.797706 1.616004 4
302596.564423 4123988.113624 1.622751 4
302596.568548 4123988.439124 1.623261 4
302596.565445 4123988.790980 1.620951 4
302596.558658 4123989.096818 1.620424 4
302596.564544 4123989.399627 1.620608 4
302596.568335 4123989.714335 1.620113 4
302596.574944 4123990.077135 1.620785 4
302596.590057 4123990.434153 1.619291 4
302596.598589 4123990.778717 1.620178 4
302596.606955 4123991.114950 1.621801 4
302596.615190 4123991.416307 1.622810 4
302596.622614 4123991.772735 1.624154 4
302596.628263 4123992.075248 1.624794 4
302596.629985 4123992.421940 1.625914 4
302596.630829 4123992.757120 1.627214 4
302596.627546 4123993.078710 1.631252 4
302596.632572 4123993.420820 1.636473 4
302596.627964 4123993.723453 1.637422 4
302596.631168 4123994.046344 1.639699 4
302596.626489 4123994.367135 1.641533 4
302596.626993 4123994.675023 1.642033 4
302596.639288 4123995.022350 1.643143 4
302596.636293 4123995.365735 1.641165 4
302596.637403 4123995.670967 1.640469 4
302596.632836 4123995.997537 1.640983 4
302596.629850 4123996.330212 1.640385 4
302596.626437 4123996.645084 1.640496 4
302596.622894 4123996.950536 1.640584 4
302596.618174 4123997.285539 1.639653 4
302596.608298 4123997.605769 1.641786 4
302596.606776 4123997.916900 1.643994 4
302596.607870 4123998.229367 1.640856 4
302596.612037 4123998.532978 1.638998 4
302596.613039 4123998.851793 1.639901 4
302596.618448 4123999.205385 1.638026 4
302596.621553 4123999.513107 1.635300 4
302596.630534 4123999.867181 1.629632 4
302596.631296 4124000.176466 1.626062 4
302596.634485 4124000.491235 1.623497 4
302596.641408 4124000.807884 1.618060 4
302596.649082 4124001.131487 1.614628 4
302596.660316 4124001.461127 1.611578 4
302596.672471 4124001.791037 1.607620 4
302596.692245 4124002.120303 1.599638 4
302596.712376 4124002.446426 1.592092 4
302596.730263 4124002.775077 1.587681 4
302596.747538 4124003.109895 1.583957 4
302596.765784 4124003.443485 1.582286 4
302596.786504 4124003.760182 1.580851 4
302596.807118 4124004.073083 1.580511 4
302596.828786 4124004.390779 1.580124 4
302596.853253 4124004.716869 1.579075 4
302596.873206 4124005.016455 1.577900 4
302596.891746 4124005.326526 1.576670 4
302596.917676 4124005.671310 1.575427 4
302596.937557 4124006.003921 1.574086 4
302596.958440 4124006.346484 1.573081 4
302596.978637 4124006.668150 1.571281 4
302597.001631 4124006.990621 1.569741 4
302597.023269 4124007.301910 1.570332 4
302597.045502 4124007.606961 1.572025 4
302597.073113 4124007.955979 1.572522 4
302597.096238 4124008.297032 1.571934 4
302597.116089 4124008.613078 1.571549 4
302597.135420 4124008.947843 1.571847 4
302597.158026 4124009.274695 1.571871 4
302597.181572 4124009.619451 1.572818 4
302597.196850 4124009.952153 1.581395 4
302597.211383 4124010.284647 1.587986 4
302597.227394 4124010.604584 1.588933 4
302597.239560 4124010.909150 1.594948 4
302597.254438 4124011.238784 1.597216 4
302597.264047 4124011.543182 1.598407 4
302597.275146 4124011.843531 1.599718 4
302597.283695 4124012.149408 1.599968 4
302597.295997 4124012.452898 1.601746 4
302597.306905 4124012.809565 1.601463 4
302597.321393 4124013.145377 1.597496 4
302597.336341 4124013.460296 1.598186 4
302597.348584 4124013.770883 1.597876 4
302597.361776 4124014.117707 1.597290 4
302597.379735 4124014.445337 1.596698 4
302597.406477 4124014.785874 1.590495 4
302597.424565 4124015.113209 1.589403 4
302597.445096 4124015.450636 1.588342 4
302597.469189 4124015.789228 1.587315 4
302597.486777 4124016.103447 1.582906 4
302597.519554 4124016.448595 1.575060 4
302597.547800 4124016.786357 1.565308 4
302597.573242 4124017.124103 1.560736 4
302597.616437 4124017.447801 1.545806 4
