302597.471880 4124015.938284 1.536520 0
302597.485122 4124016.261528 1.537222 0
302597.520368 4124016.596631 1.530043 0
302597.553405 4124016.895217 1.527488 0
302597.597944 4124017.194962 1.520231 0
302597.654070 4124017.535347 1.509901 0
302597.705933 4124017.847847 1.502961 0
302597.752648 4124018.148334 1.499784 0
302597.796408 4124018.464699 1.499203 0
302597.841120 4124018.790939 1.496309 0
302597.884685 4124019.111290 1.495547 0
302597.930719 4124019.420568 1.494240 0
302597.978285 4124019.733887 1.493597 0
302598.026494 4124020.032371 1.492430 0
302598.074801 4124020.334085 1.492219 0
302598.118761 4124020.658275 1.500046 0
302598.166504 4124021.009198 1.502662 0
302598.201329 4124021.309562 1.504087 0
302598.236669 4124021.628382 1.504636 0
302598.274917 4124021.948353 1.510064 0
302598.300946 4124022.252896 1.524357 0
302598.325231 4124022.598283 1.534803 0
302598.364873 4124022.918227 1.535292 0
302598.398974 4124023.218878 1.536786 0
302598.427249 4124023.524141 1.537831 0
302598.463003 4124023.831515 1.540191 0
302598.491227 4124024.148697 1.541671 0
302598.522605 4124024.459798 1.541746 0
302598.550279 4124024.761652 1.541174 0
302598.581046 4124025.069813 1.542219 0
302598.616032 4124025.372525 1.536149 0
302598.650443 4124025.675709 1.533764 0
302598.686442 4124026.015874 1.531728 0
302598.723268 4124026.366551 1.531148 0
302598.760564 4124026.668066 1.529637 0
302598.805584 4124026.986602 1.528121 0
302598.844962 4124027.287480 1.526103 0
302598.885663 4124027.614113 1.524755 0
302598.927068 4124027.950653 1.519748 0
302598.972002 4124028.249675 1.513319 0
302599.030501 4124028.558464 1.501289 0
302599.083314 4124028.906453 1.501558 0
302599.127528 4124029.203375 1.497009 0
302599.175367 4124029.511665 1.495357 0
302599.222713 4124029.820865 1.495359 0
302599.268630 4124030.133356 1.494587 0
302599.315835 4124030.436457 1.494053 0
302599.365838 4124030.742424 1.494653 0
302599.416016 4124031.041964 1.493615 0
302599.461954 4124031.340310 1.494901 0
302599.517142 4124031.691395 1.493959 0
302599.568168 4124032.030681 1.492825 0
302599.615773 4124032.357821 1.491949 0
302599.666023 4124032.689221 1.490443 0
302599.704467 4124032.988653 1.491943 0
302599.749049 4124033.294528 1.493771 0
302599.796620 4124033.617992 1.495641 0
302599.844445 4124033.946159 1.495195 0
302599.891118 4124034.275722 1.495490 0
302599.931230 4124034.575567 1.497909 0
302599.971554 4124034.881688 1.502931 0
302600.018212 4124035.223310 1.510135 0
302600.064405 4124035.555501 1.511738 0
302600.098138 4124035.856803 1.512421 0
302600.135734 4124036.179975 1.520700 0
302600.160928 4124036.524252 1.535583 0
302600.188395 4124036.852720 1.538600 0
302600.217105 4124037.176843 1.542741 0
302600.236951 4124037.496752 1.556009 0
302600.259382 4124037.803373 1.559444 0
302600.281394 4124038.115135 1.560351 0
302600.302439 4124038.437723 1.562543 0
302600.326216 4124038.776706 1.564473 0
302600.350230 4124039.109464 1.566202 0
302600.381407 4124039.454234 1.568454 0
302600.403486 4124039.788468 1.576307 0
302600.420135 4124040.097210 1.583881 0
302600.433018 4124040.434053 1.597136 0
302600.439719 4124040.736747 1.598278 0
302600.438967 4124041.048259 1.610549 0
302600.442246 4124041.348785 1.611238 0
302600.449738 4124041.670937 1.612565 0
302600.452918 4124041.978420 1.613564 0
302600.457711 4124042.287925 1.613903 0
302600.464325 4124042.605777 1.615644 0
302600.468577 4124042.915448 1.617262 0
302600.470425 4124043.232666 1.619736 0
302600.473379 4124043.535785 1.623826 0
302600.485908 4124043.845938 1.625007 0
302600.494070 4124044.156327 1.626831 0
302600.499478 4124044.466528 1.626570 0
