302600.474750 4124043.716994 1.617803 4
302600.462838 4124044.029095 1.617581 4
302600.460023 4124044.379279 1.617231 4
302600.468056 4124044.693043 1.616521 4
302600.479465 4124045.021728 1.616352 4
302600.492346 4124045.349283 1.616046 4
302600.503763 4124045.660310 1.620168 4
302600.509711 4124045.962267 1.623447 4
302600.511195 4124046.296294 1.624528 4
302600.507434 4124046.621103 1.633379 4
302600.496271 4124046.937473 1.646471 4
302600.475157 4124047.273677 1.653532 4
302600.465552 4124047.608603 1.655607 4
302600.459757 4124047.953737 1.655829 4
302600.453245 4124048.267300 1.656073 4
302600.443148 4124048.585629 1.657943 4
302600.430886 4124048.932644 1.657856 4
302600.422533 4124049.232586 1.660172 4
302600.407994 4124049.585303 1.656388 4
302600.400606 4124049.930522 1.653114 4
302600.402874 4124050.262267 1.646312 4
302600.404936 4124050.601482 1.642668 4
302600.407393 4124050.924757 1.640989 4
302600.408328 4124051.243246 1.639449 4
302600.412699 4124051.556992 1.636089 4
302600.411745 4124051.858772 1.635623 4
302600.416682 4124052.181444 1.633014 4
302600.422799 4124052.522070 1.631453 4
302600.422088 4124052.822287 1.629231 4
302600.418210 4124053.152882 1.627970 4
302600.415133 4124053.455993 1.625487 4
302600.415480 4124053.788961 1.625356 4
302600.419940 4124054.105619 1.623467 4
302600.425818 4124054.451887 1.621671 4
302600.430788 4124054.759784 1.620226 4
302600.440207 4124055.074637 1.618939 4
302600.448957 4124055.384566 1.617011 4
302600.452130 4124055.687914 1.615764 4
302600.452007 4124055.993204 1.613179 4
302600.452569 4124056.311575 1.611872 4
