302600.454718 4124055.924528 1.607054 0
302600.436616 4124056.234275 1.608260 0
302600.441117 4124056.544571 1.608839 0
302600.453326 4124056.847247 1.608602 0
302600.458993 4124057.151727 1.612020 0
302600.458113 4124057.476950 1.621259 0
302600.463882 4124057.780390 1.622597 0
302600.462964 4124058.098496 1.625614 0
302600.430435 4124058.406845 1.654924 0
302600.381929 4124058.722895 1.690315 0
302600.315596 4124059.069862 1.733921 0
302600.235568 4124059.375766 1.785242 0
302600.142540 4124059.668377 1.832785 0
302600.042998 4124059.953907 1.875183 0
302599.928370 4124060.253999 1.909884 0
302599.806938 4124060.562301 1.938920 0
302599.672611 4124060.873628 1.962007 0
302599.562701 4124061.158406 1.970073 0
302599.457582 4124061.447572 1.972209 0
302599.341647 4124061.732095 1.975866 0
302599.218222 4124062.037412 1.977249 0
302599.111252 4124062.321232 1.978545 0
302598.995128 4124062.644703 1.978912 0
302598.895044 4124062.934174 1.980378 0
302598.775209 4124063.258642 1.982964 0
302598.669789 4124063.540923 1.984852 0
302598.568040 4124063.827896 1.986007 0
302598.443684 4124064.160338 1.987160 0
302598.340292 4124064.453658 1.986884 0
302598.232418 4124064.744931 1.987455 0
302598.132174 4124065.028490 1.979158 0
302598.032092 4124065.335233 1.964455 0
302597.939911 4124065.628066 1.948929 0
302597.846600 4124065.962285 1.935277 0
302597.757001 4124066.248773 1.933900 0
302597.668836 4124066.539357 1.929926 0
302597.577585 4124066.834866 1.925198 0
302597.502523 4124067.127469 1.907376 0
302597.421323 4124067.421914 1.901501 0
302597.341537 4124067.711995 1.897798 0
302597.262437 4124068.008629 1.889492 0
302597.199625 4124068.304837 1.871468 0
302597.137713 4124068.616080 1.849286 0
302597.093241 4124068.922476 1.827919 0
302597.063218 4124069.231017 1.800282 0
302597.042774 4124069.569727 1.765273 0
302597.030712 4124069.876325 1.742722 0
302597.000407 4124070.182425 1.742724 0
302596.977177 4124070.483758 1.733378 0
302596.958144 4124070.812340 1.715028 0
302596.942501 4124071.139392 1.704002 0
302596.920543 4124071.448607 1.702217 0
302596.916559 4124071.803164 1.679902 0
302596.923579 4124072.110409 1.662626 0
302596.916661 4124072.442383 1.660905 0
302596.910457 4124072.774928 1.661215 0
302596.901622 4124073.076793 1.657482 0
302596.892762 4124073.378926 1.656727 0
302596.882416 4124073.681196 1.655244 0
302596.874764 4124073.997869 1.654115 0
302596.872032 4124074.305522 1.650381 0
302596.869997 4124074.613229 1.644460 0
302596.862970 4124074.966369 1.643753 0
302596.859091 4124075.272778 1.642309 0
302596.855571 4124075.573878 1.640511 0
302596.851630 4124075.877790 1.639184 0
302596.848454 4124076.217728 1.638008 0
302596.842569 4124076.539932 1.635683 0
302596.840826 4124076.850259 1.634508 0
302596.838242 4124077.202928 1.632675 0
302596.840569 4124077.512007 1.631724 0
302596.843717 4124077.831787 1.630146 0
302596.847246 4124078.160269 1.628159 0
302596.847381 4124078.486157 1.626184 0
302596.850516 4124078.807355 1.624301 0
302596.852918 4124079.133909 1.623510 0
302596.854421 4124079.454128 1.621564 0
302596.858116 4124079.763675 1.621308 0
302596.859538 4124080.086400 1.619862 0
302596.862827 4124080.412850 1.617896 0
302596.871234 4124080.713069 1.617206 0
302596.873388 4124081.027611 1.617509 0
302596.880409 4124081.363396 1.615104 0
302596.890110 4124081.687109 1.613839 0
302596.903185 4124082.050047 1.613012 0
302596.916530 4124082.389329 1.612372 0
302596.926767 4124082.689627 1.611711 0
302596.935900 4124082.997661 1.611234 0
302596.944431 4124083.342112 1.609648 0
302596.951913 4124083.680611 1.608565 0
302596.955624 4124084.016755 1.607180 0
302596.969591 4124084.345864 1.604799 0
302596.974278 4124084.679481 1.603446 0
302596.986151 4124084.999326 1.605890 0
302596.994990 4124085.300423 1.607262 0
302596.997884 4124085.604990 1.609460 0
302597.000606 4124085.921914 1.615222 0
302596.998964 4124086.267109 1.622574 0
302596.998580 4124086.615940 1.626221 0
302597.000146 4124086.962663 1.627386 0
302596.996594 4124087.309283 1.628728 0
302596.990393 4124087.646084 1.631799 0
302596.983438 4124087.980093 1.635072 0
302596.978390 4124088.290523 1.635542 0
302596.974423 4124088.593008 1.636479 0
302596.971346 4124088.896437 1.637948 0
302596.968164 4124089.216290 1.638705 0
302596.968949 4124089.533758 1.638882 0
302596.970705 4124089.865226 1.639208 0
302596.970369 4124090.168459 1.640284 0
302596.971675 4124090.493641 1.640911 0
302596.965012 4124090.810022 1.642894 0
302596.960668 4124091.133832 1.642775 0
302596.954180 4124091.434998 1.643069 0
302596.951736 4124091.752560 1.642329 0
302596.948210 4124092.063847 1.642303 0
302596.936559 4124092.367470 1.642164 0
302596.929076 4124092.676401 1.642773 0
