302596.938650 4124092.418126 1.638328 2
302596.930144 4124092.738857 1.639010 2
302596.923308 4124093.059940 1.639331 2
302596.924867 4124093.371118 1.638389 2
302596.930171 4124093.692837 1.637529 2
302596.931078 4124094.010832 1.638560 2
302596.925035 4124094.354663 1.639197 2
302596.918170 4124094.663794 1.638853 2
302596.911018 4124094.988170 1.637941 2
302596.903730 4124095.289227 1.637697 2
302596.898840 4124095.634017 1.636823 2
302596.904537 4124095.944188 1.632893 2
302596.906633 4124096.265409 1.631076 2
302596.899734 4124096.566570 1.629453 2
302596.895269 4124096.885298 1.628076 2
302596.895546 4124097.196785 1.627899 2
302596.894891 4124097.508910 1.627022 2
302596.896488 4124097.852928 1.625765 2
302596.901730 4124098.184653 1.624634 2
302596.903962 4124098.489717 1.623536 2
302596.908407 4124098.825849 1.623354 2
302596.908045 4124099.141850 1.621787 2
302596.916315 4124099.476757 1.621347 2
302596.917050 4124099.829301 1.619126 2
302596.919597 4124100.133102 1.618929 2
302596.925748 4124100.450737 1.618374 2
302596.930812 4124100.783005 1.619068 2
302596.934636 4124101.121776 1.618054 2
302596.935928 4124101.459502 1.617591 2
302596.943447 4124101.763458 1.613887 2
302596.949606 4124102.067366 1.612332 2
302596.957753 4124102.398337 1.612874 2
302596.965696 4124102.726011 1.611830 2
302596.976283 4124103.051791 1.605647 2
302596.984597 4124103.368735 1.603527 2
302596.997609 4124103.691450 1.598329 2
302597.011621 4124104.002515 1.593983 2
302597.022885 4124104.308316 1.592483 2
302597.038080 4124104.666890 1.589874 2
302597.046505 4124104.985199 1.589952 2
302597.057176 4124105.308395 1.596986 2
302597.057330 4124105.633377 1.610623 2
302597.064372 4124105.979491 1.615077 2
302597.071205 4124106.326679 1.617478 2
302597.069353 4124106.632267 1.618103 2
302597.071162 4124106.939781 1.619360 2
302597.072839 4124107.251311 1.622180 2
302597.065675 4124107.598437 1.627057 2
302597.064175 4124107.935728 1.627861 2
302597.065349 4124108.282366 1.627785 2
302597.071595 4124108.608950 1.627682 2
302597.076845 4124108.927952 1.631484 2
302597.075251 4124109.248473 1.633290 2
302597.074594 4124109.559543 1.632005 2
302597.078632 4124109.880677 1.632030 2
302597.078774 4124110.194104 1.630556 2
302597.068532 4124110.517449 1.631988 2
302597.072725 4124110.838661 1.631702 2
302597.072295 4124111.145173 1.631746 2
302597.071167 4124111.463610 1.630092 2
302597.071833 4124111.795827 1.629118 2
302597.068653 4124112.102317 1.630432 2
302597.067838 4124112.406562 1.630434 2
302597.069302 4124112.715481 1.629634 2
302597.067459 4124113.027292 1.629726 2
302597.069236 4124113.331634 1.631646 2
302597.060665 4124113.632917 1.639899 2
302597.050775 4124113.935885 1.653496 2
302597.033906 4124114.256009 1.668069 2
302597.017241 4124114.593464 1.679376 2
302596.999355 4124114.926102 1.684735 2
302596.984218 4124115.276212 1.686898 2
302596.963224 4124115.624077 1.689480 2
302596.935831 4124115.944614 1.694558 2
302596.910575 4124116.266423 1.699426 2
302596.880306 4124116.586847 1.712890 2
302596.837466 4124116.913452 1.728917 2
302596.790785 4124117.241735 1.746314 2
302596.740597 4124117.551231 1.761353 2
302596.687134 4124117.867911 1.775037 2
302596.635742 4124118.179081 1.784099 2
302596.581784 4124118.483197 1.794161 2
302596.512018 4124118.851176 1.803937 2
302596.453484 4124119.149065 1.806659 2
302596.394252 4124119.452370 1.808597 2
302596.340219 4124119.750646 1.809350 2
302596.288120 4124120.052057 1.809777 2
302596.213187 4124120.396681 1.820188 2
302596.148472 4124120.691269 1.831974 2
302596.072555 4124121.009349 1.844912 2
302595.992843 4124121.318830 1.857559 2
302595.923615 4124121.611540 1.869236 2
302595.825452 4124121.933591 1.885211 2
302595.726246 4124122.243082 1.902150 2
302595.629991 4124122.527795 1.917893 2
302595.510252 4124122.842885 1.941684 2
302595.389209 4124123.142536 1.965626 2
302595.260234 4124123.426755 1.986794 2
302595.137708 4124123.716370 2.011596 2
302594.988741 4124124.020907 2.037987 2
302594.825636 4124124.344073 2.071251 2
302594.655801 4124124.658585 2.100167 2
302594.511290 4124124.929701 2.127501 2
302594.345366 4124125.184281 2.151802 2
302594.176480 4124125.444184 2.179270 2
302593.992748 4124125.703179 2.204298 2
302593.804554 4124125.949136 2.225560 2
302593.609897 4124126.197959 2.245918 2
302593.404671 4124126.441305 2.267044 2
302593.194268 4124126.688778 2.284765 2
302592.980617 4124126.932016 2.298884 2
302592.778214 4124127.164777 2.314753 2
302592.558113 4124127.400059 2.332926 2
302592.338787 4124127.639479 2.353050 2
302592.118593 4124127.862270 2.373306 2
302591.892903 4124128.082400 2.397693 2
302591.664708 4124128.288746 2.424822 2
302591.424960 4124128.489900 2.446830 2
302591.182565 4124128.686027 2.468179 2
302590.939189 4124128.872486 2.486177 2
302590.690532 4124129.069230 2.505207 2
302590.420642 4124129.274439 2.533143 2
302590.153738 4124129.445770 2.563571 2
302589.873246 4124129.605790 2.591215 2
302589.583193 4124129.768964 2.628423 2
302589.292021 4124129.921867 2.658182 2
302588.988637 4124130.060739 2.682110 2
302588.710953 4124130.186836 2.702899 2
302588.429095 4124130.320281 2.722995 2
302588.133249 4124130.458090 2.749515 2
302587.845984 4124130.575017 2.776920 2
302587.563953 4124130.687379 2.803332 2
302587.269267 4124130.794573 2.829358 2
302586.976238 4124130.891500 2.855404 2
302586.684261 4124130.972488 2.882175 2
302586.389599 4124131.038530 2.915826 2
302586.032039 4124131.102540 2.955992 2
302585.711721 4124131.148100 2.991126 2
302585.410208 4124131.182790 3.023713 2
302585.072100 4124131.214364 3.042511 2
302584.772139 4124131.248684 3.052083 2
302584.473005 4124131.294285 3.053025 2
302584.168843 4124131.336618 3.050676 2
302583.865565 4124131.387962 3.051855 2
302583.547005 4124131.434126 3.052772 2
302583.218896 4124131.489238 3.067422 2
302582.915832 4124131.514560 3.073507 2
302582.604034 4124131.555350 3.085960 2
302582.240795 4124131.584174 3.109367 2
302581.931696 4124131.596483 3.123337 2
302581.631126 4124131.600200 3.138275 2
302581.303598 4124131.592839 -3.134763 2
302580.996251 4124131.608673 -3.133850 2
302580.658432 4124131.623338 3.139889 2
302580.312293 4124131.644670 3.134235 2
302579.975045 4124131.667217 3.131802 2
302579.645467 4124131.693093 3.130986 2
302579.346389 4124131.719123 3.130587 2
302578.991440 4124131.737497 3.133103 2
302578.669326 4124131.757077 3.135072 2
302578.333799 4124131.793240 3.135337 2
302578.010320 4124131.817544 -3.141185 2
302577.698563 4124131.831106 -3.135608 2
302577.392461 4124131.850709 -3.133530 2
302577.079345 4124131.870935 -3.134846 2
