302577.523262 4124131.796813 -3.105254 0
302577.216256 4124131.786962 -3.097429 0
302576.906505 4124131.759287 -3.058146 0
302576.591963 4124131.707026 -3.009668 0
302576.269406 4124131.629333 -2.954560 0
302575.939748 4124131.531010 -2.902567 0
302575.641620 4124131.436302 -2.862938 0
302575.321465 4124131.323917 -2.823105 0
302575.014585 4124131.218498 -2.805872 0
302574.712362 4124131.113606 -2.786026 0
302574.422945 4124131.003093 -2.761680 0
302574.143523 4124130.885245 -2.735924 0
302573.864367 4124130.763892 -2.711084 0
302573.561780 4124130.627611 -2.698264 0
302573.271383 4124130.506805 -2.694053 0
302572.989335 4124130.388450 -2.692372 0
302572.689928 4124130.267134 -2.691114 0
302572.374813 4124130.147010 -2.688228 0
302572.076099 4124130.030680 -2.687791 0
302571.782870 4124129.918873 -2.688467 0
302571.480125 4124129.806690 -2.693598 0
302571.172849 4124129.694579 -2.699482 0
302570.873422 4124129.580765 -2.701561 0
302570.554943 4124129.466025 -2.707186 0
302570.256633 4124129.357336 -2.711901 0
302569.965239 4124129.245586 -2.715295 0
302569.670777 4124129.137615 -2.720178 0
302569.346038 4124129.025258 -2.741765 0
302569.050392 4124128.936009 -2.764655 0
302568.725365 4124128.851991 -2.789150 0
302568.411810 4124128.773794 -2.799172 0
302568.105646 4124128.693841 -2.803259 0
302567.776499 4124128.617094 -2.816831 0
302567.454304 4124128.552040 -2.839229 0
302567.151794 4124128.503819 -2.863827 0
302566.847152 4124128.458023 -2.881265 0
302566.547095 4124128.400929 -2.883825 0
302566.239624 4124128.342333 -2.885197 0
302565.934748 4124128.283021 -2.895742 0
302565.591975 4124128.230722 -2.910532 0
302565.250306 4124128.172318 -2.913208 0
302564.951696 4124128.132405 -2.927739 0
302564.638442 4124128.099085 -2.948016 0
302564.325227 4124128.081782 -2.966710 0
302564.004081 4124128.051149 -2.973025 0
302563.701829 4124128.025148 -2.982543 0
302563.382231 4124128.021080 -3.004147 0
302563.081492 4124128.008154 -3.007793 0
302562.731325 4124127.991951 -3.010530 0
302562.383835 4124127.977362 -3.011698 0
302562.079555 4124127.971622 -3.025492 0
302561.739800 4124127.954675 -3.028288 0
302561.387827 4124127.936963 -3.030339 0
302561.082676 4124127.926653 -3.032280 0
302560.780709 4124127.914913 -3.034926 0
302560.479578 4124127.903076 -3.035056 0
302560.124186 4124127.889337 -3.043468 0
302559.774053 4124127.880510 -3.046336 0
302559.428742 4124127.875739 -3.047958 0
302559.099515 4124127.870299 -3.050804 0
302558.784781 4124127.865791 -3.052317 0
302558.463767 4124127.859945 -3.053201 0
302558.154686 4124127.853610 -3.055192 0
302557.807555 4124127.846026 -3.058215 0
302557.464500 4124127.839887 -3.060487 0
302557.109311 4124127.837629 -3.063348 0
302556.758450 4124127.835531 -3.064444 0
302556.422979 4124127.835064 -3.066366 0
302556.110805 4124127.840473 -3.069964 0
302555.766238 4124127.844042 -3.073339 0
302555.447878 4124127.852350 -3.074756 0
302555.136010 4124127.857103 -3.076072 0
302554.825196 4124127.857905 -3.076206 0
302554.508359 4124127.859808 -3.077165 0
302554.177988 4124127.856869 -3.079253 0
302553.868293 4124127.857135 -3.081055 0
302553.540697 4124127.854127 -3.081465 0
302553.237665 4124127.857025 -3.082696 0
302552.900541 4124127.862113 -3.083085 0
302552.592219 4124127.864518 -3.078014 0
302552.285054 4124127.862239 -3.070595 0
302551.983726 4124127.873510 -3.069711 0
302551.679508 4124127.873570 -3.067971 0
302551.376430 4124127.869256 -3.069737 0
