302577.601331 4124131.814172 -3.002569 0
302577.278610 4124131.768358 -3.001932 0
302576.965346 4124131.745307 -3.007071 0
302576.654257 4124131.738314 -3.013991 0
302576.349602 4124131.729209 -3.014517 0
302576.018543 4124131.723736 -3.022333 0
302575.694697 4124131.723639 -3.027083 0
302575.387417 4124131.716075 -3.031403 0
302575.072870 4124131.712863 -3.036062 0
302574.749883 4124131.709631 -3.036931 0
302574.423938 4124131.698349 -3.037636 0
302574.091277 4124131.687493 -3.040126 0
302573.787814 4124131.678325 -3.040867 0
302573.470991 4124131.672294 -3.042568 0
302573.128763 4124131.666716 -3.043892 0
302572.809940 4124131.663467 -3.044450 0
302572.486124 4124131.658305 -3.045971 0
302572.160949 4124131.655657 -3.047663 0
302571.836085 4124131.655558 -3.048282 0
302571.503007 4124131.655306 -3.050054 0
302571.166430 4124131.654416 -3.053591 0
302570.861973 4124131.651933 -3.055247 0
302570.521132 4124131.651292 -3.057234 0
302570.191689 4124131.649426 -3.060325 0
302569.858764 4124131.645591 -3.061580 0
302569.522254 4124131.639829 -3.062035 0
302569.183384 4124131.643237 -3.062938 0
302568.834313 4124131.642136 -3.064521 0
302568.489295 4124131.641717 -3.065642 0
302568.185412 4124131.648266 -3.065882 0
302567.851271 4124131.653169 -3.067139 0
302567.517280 4124131.653394 -3.067451 0
302567.196547 4124131.654529 -3.069284 0
302566.865916 4124131.655524 -3.070576 0
302566.565121 4124131.659027 -3.071227 0
302566.257882 4124131.659868 -3.072330 0
302565.952331 4124131.661514 -3.072055 0
302565.599132 4124131.664434 -3.074345 0
302565.248557 4124131.669166 -3.074400 0
302564.911772 4124131.678954 -3.075282 0
302564.596972 4124131.687652 -3.072999 0
302564.290783 4124131.694526 -3.070570 0
302563.952644 4124131.702460 -3.070825 0
302563.595472 4124131.707970 -3.071568 0
302563.266643 4124131.714892 -3.072100 0
302562.920256 4124131.720494 -3.072822 0
302562.571040 4124131.718337 -3.072935 0
302562.236521 4124131.720745 -3.073548 0
302561.896851 4124131.730956 -3.072918 0
302561.549469 4124131.732032 -3.070533 0
302561.239353 4124131.728665 -3.063738 0
302560.892598 4124131.727637 -3.060944 0
302560.566830 4124131.722802 -3.060146 0
302560.246825 4124131.721250 -3.059310 0
302559.934890 4124131.721542 -3.057309 0
302559.605391 4124131.722860 -3.056196 0
302559.293791 4124131.720270 -3.055669 0
302558.963164 4124131.716597 -3.054853 0
302558.629536 4124131.713750 -3.055288 0
302558.294494 4124131.710594 -3.054834 0
302557.975826 4124131.712420 -3.053324 0
302557.663983 4124131.712542 -3.052053 0
302557.356620 4124131.708594 -3.049423 0
302557.047134 4124131.710634 -3.049893 0
302556.707091 4124131.714483 -3.050379 0
302556.347151 4124131.708674 -3.051091 0
302556.003536 4124131.700153 -3.050317 0
302555.652883 4124131.695499 -3.056819 0
302555.345076 4124131.698130 -3.064643 0
302555.018884 4124131.697297 -3.072583 0
302554.676254 4124131.716969 -3.088638 0
302554.340835 4124131.746204 -3.114353 0
302554.030931 4124131.781795 -3.140109 0
302553.717748 4124131.810117 3.134962 0
302553.409240 4124131.837839 3.130984 0
302553.088954 4124131.876981 3.129182 0
302552.736094 4124131.918398 3.127484 0
302552.394845 4124131.960333 3.124366 0
302552.041952 4124132.003550 3.121664 0
302551.726891 4124132.041016 3.117750 0
302551.402786 4124132.080148 3.113856 0
302551.099163 4124132.122756 3.106534 0
302550.756487 4124132.170916 3.093951 0
302550.436498 4124132.233729 3.073882 0
302550.133491 4124132.297572 3.058887 0
302549.806551 4124132.371629 3.044773 0
302549.509306 4124132.445433 3.023186 0
302549.194559 4124132.546027 2.996468 0
302548.905013 4124132.640292 2.976727 0
302548.613354 4124132.744312 2.950387 0
302548.338749 4124132.877377 2.913315 0
