302548.961418 4124132.638767 2.916139 3
302548.663119 4124132.720418 2.917683 3
302548.372431 4124132.825114 2.917908 3
302548.087763 4124132.923120 2.917685 3
302547.765422 4124133.023338 2.916386 3
302547.451978 4124133.129370 2.907293 3
302547.140382 4124133.252010 2.890657 3
302546.844026 4124133.383253 2.869773 3
302546.540181 4124133.528564 2.851286 3
302546.229997 4124133.682036 2.829189 3
302545.934533 4124133.830108 2.806034 3
302545.637895 4124133.988866 2.784866 3
302545.343395 4124134.157436 2.763324 3
302545.045415 4124134.339285 2.729660 3
302544.755368 4124134.534023 2.696728 3
302544.506259 4124134.703592 2.672373 3
302544.269837 4124134.891439 2.644160 3
302544.033815 4124135.083256 2.617259 3
302543.767014 4124135.318281 2.586281 3
302543.503612 4124135.549150 2.567751 3
302543.271942 4124135.745965 2.561834 3
302543.028128 4124135.952925 2.557586 3
302542.782588 4124136.165455 2.545437 3
302542.543513 4124136.383094 2.533965 3
302542.322133 4124136.604664 2.512420 3
302542.107683 4124136.822162 2.482166 3
302541.872047 4124137.077610 2.456104 3
302541.658672 4124137.317044 2.431333 3
302541.453620 4124137.557292 2.401427 3
302541.249359 4124137.806667 2.374226 3
302541.076803 4124138.058642 2.343845 3
302540.919170 4124138.318012 2.309015 3
302540.766432 4124138.591558 2.275954 3
