302551.774658 4124128.108198 -3.028977 2
302551.469594 4124128.076410 -3.028596 2
302551.159448 4124128.067739 -3.028678 2
302550.857020 4124128.060836 -3.030115 2
302550.556245 4124128.053140 -3.030752 2
302550.241512 4124128.038276 -3.030244 2
302549.938026 4124128.025868 -3.029218 2
302549.624008 4124128.014926 -3.028012 2
302549.287760 4124128.001154 -3.027951 2
302548.942115 4124127.991974 -3.028373 2
302548.639027 4124127.981435 -3.028500 2
302548.289563 4124127.972142 -3.027403 2
302547.989326 4124127.961878 -3.026913 2
302547.650924 4124127.946418 -3.021232 2
302547.325871 4124127.932704 -3.020930 2
302547.026312 4124127.915271 -3.017747 2
302546.697509 4124127.890127 -3.011347 2
302546.389991 4124127.870108 -3.003596 2
302546.079827 4124127.838786 -3.006117 2
302545.760227 4124127.808458 -3.006008 2
302545.444271 4124127.789729 -3.005860 2
302545.091705 4124127.768159 -3.006248 2
302544.774945 4124127.742912 -3.006915 2
302544.456334 4124127.725762 -3.004768 2
302544.132713 4124127.701121 -3.004897 2
302543.818742 4124127.693606 -3.005536 2
302543.462320 4124127.678363 -3.005738 2
302543.136337 4124127.655714 -3.004881 2
302542.820072 4124127.642290 -3.004218 2
302542.495605 4124127.632765 -3.003699 2
302542.177241 4124127.615513 -2.996113 2
302541.869922 4124127.595177 -2.994164 2
302541.560315 4124127.562384 -2.984707 2
302541.262618 4124127.523336 -2.983005 2
302540.949666 4124127.500459 -2.982069 2
302540.643072 4124127.478750 -2.982721 2
302540.326975 4124127.444750 -2.968885 2
302540.012740 4124127.409793 -2.948638 2
302539.674125 4124127.342421 -2.919246 2
302539.347946 4124127.275408 -2.896894 2
302539.047399 4124127.200165 -2.869775 2
302538.703752 4124127.102698 -2.842498 2
302538.396650 4124127.014749 -2.829028 2
302538.072599 4124126.930691 -2.830004 2
302537.753069 4124126.853526 -2.829940 2
302537.444863 4124126.763912 -2.807207 2
302537.154426 4124126.667749 -2.785338 2
302536.810322 4124126.548502 -2.767539 2
302536.462120 4124126.440825 -2.768099 2
302536.162623 4124126.327113 -2.746279 2
302535.861317 4124126.196121 -2.715840 2
302535.538607 4124126.045681 -2.683038 2
302535.216853 4124125.885495 -2.652013 2
302534.901220 4124125.719691 -2.625931 2
302534.599555 4124125.556623 -2.601722 2
302534.336985 4124125.407346 -2.577349 2
302534.062779 4124125.221475 -2.545615 2
302533.787673 4124125.026020 -2.514029 2
302533.528318 4124124.830283 -2.476227 2
302533.251421 4124124.609433 -2.437780 2
302533.004413 4124124.378911 -2.393532 2
302532.776532 4124124.143935 -2.347801 2
302532.565819 4124123.900643 -2.298383 2
302532.378449 4124123.661169 -2.251503 2
302532.187175 4124123.383538 -2.196751 2
302532.025239 4124123.123532 -2.146223 2
302531.874298 4124122.848098 -2.100337 2
302531.732646 4124122.567814 -2.054730 2
302531.596136 4124122.272565 -2.005642 2
302531.473471 4124121.967603 -1.960457 2
302531.365149 4124121.644071 -1.909908 2
302531.241114 4124121.319304 -1.900703 2
302531.120263 4124120.993462 -1.883100 2
302531.016145 4124120.698087 -1.858386 2
302530.927659 4124120.364844 -1.811828 2
302530.863721 4124120.066835 -1.767178 2
302530.811492 4124119.717941 -1.712385 2
302530.779092 4124119.384911 -1.672548 2
302530.747949 4124119.053568 -1.645499 2
302530.708580 4124118.708793 -1.630869 2
302530.668071 4124118.385502 -1.630526 2
302530.626296 4124118.079963 -1.631121 2
302530.588004 4124117.777758 -1.626473 2
302530.554901 4124117.472816 -1.611305 2
302530.542114 4124117.155181 -1.583497 2
302530.532759 4124116.826002 -1.559861 2
302530.535494 4124116.495399 -1.541607 2
302530.537992 4124116.177315 -1.535510 2
302530.540950 4124115.855798 -1.532810 2
302530.528806 4124115.532496 -1.533210 2
302530.511240 4124115.189351 -1.533119 2
302530.490227 4124114.868118 -1.532562 2
302530.470172 4124114.560250 -1.533078 2
302530.453531 4124114.259289 -1.528047 2
302530.447600 4124113.958447 -1.519357 2
302530.440225 4124113.647895 -1.506071 2
302530.447338 4124113.336523 -1.502778 2
302530.448517 4124113.021624 -1.502815 2
302530.445594 4124112.718349 -1.503654 2
302530.445809 4124112.415683 -1.502073 2
302530.443121 4124112.105652 -1.499844 2
302530.439280 4124111.796152 -1.499379 2
302530.431683 4124111.455262 -1.498713 2
302530.427013 4124111.120562 -1.499702 2
302530.425083 4124110.782958 -1.498694 2
302530.420248 4124110.481416 -1.498468 2
302530.411786 4124110.178355 -1.498996 2
