302495.924130 4123775.608478 1.094875 2
302496.081988 4123775.902090 1.094473 2
302496.242702 4123776.184003 1.093441 2
302496.414024 4123776.462309 1.092299 2
302496.577917 4123776.726737 1.091412 2
302496.741608 4123776.995080 1.090605 2
302496.899529 4123777.271165 1.088707 2
302497.067033 4123777.549171 1.087410 2
302497.224287 4123777.807233 1.086522 2
302497.394184 4123778.088899 1.085399 2
302497.556645 4123778.357233 1.086211 2
302497.704896 4123778.619210 1.095961 2
302497.852291 4123778.884586 1.103461 2
302498.023557 4123779.176736 1.102904 2
302498.198629 4123779.486376 1.102597 2
302498.348619 4123779.749786 1.105234 2
302498.494675 4123780.014628 1.107692 2
302498.639027 4123780.289756 1.122221 2
302498.785104 4123780.583611 1.140184 2
302498.926483 4123780.880731 1.156743 2
302499.057348 4123781.169265 1.168870 2
302499.183891 4123781.455258 1.181935 2
302499.324418 4123781.773695 1.192610 2
302499.461458 4123782.104559 1.203430 2
302499.572959 4123782.385095 1.216307 2
302499.678904 4123782.676090 1.234762 2
302499.775802 4123782.964577 1.259188 2
302499.871554 4123783.263596 1.280439 2
302499.964123 4123783.580847 1.298687 2
302500.049629 4123783.871257 1.309915 2
302500.143055 4123784.200343 1.320213 2
302500.229528 4123784.508654 1.322003 2
302500.323805 4123784.836825 1.321603 2
302500.410501 4123785.124984 1.319495 2
302500.495125 4123785.424064 1.324113 2
302500.580996 4123785.719475 1.335379 2
302500.651733 4123786.043378 1.361062 2
302500.721488 4123786.376173 1.386091 2
302500.780712 4123786.704455 1.406519 2
302500.831418 4123787.020817 1.427143 2
302500.877784 4123787.355476 1.442039 2
302500.916901 4123787.656277 1.460533 2
302500.951789 4123787.992588 1.484691 2
302500.980089 4123788.331784 1.506863 2
302500.998418 4123788.674868 1.525249 2
302501.017711 4123789.008601 1.540962 2
302501.024476 4123789.336283 1.561068 2
302501.014827 4123789.651974 1.592551 2
302500.998464 4123789.986356 1.626378 2
302500.971219 4123790.321983 1.661008 2
302500.928124 4123790.630902 1.693967 2
302500.877342 4123790.930511 1.727902 2
302500.812614 4123791.230577 1.761664 2
302500.734998 4123791.524501 1.793703 2
302500.645138 4123791.844136 1.829984 2
302500.538479 4123792.124556 1.875321 2
302500.406114 4123792.430322 1.924217 2
302500.278592 4123792.714947 1.964288 2
302500.143975 4123792.994914 2.002735 2
302499.992434 4123793.267585 2.047294 2
302499.806345 4123793.552892 2.101839 2
302499.616053 4123793.813041 2.152609 2
302499.417667 4123794.058851 2.202694 2
302499.211018 4123794.303868 2.249755 2
302499.007337 4123794.551129 2.281504 2
302498.819120 4123794.789010 2.289005 2
302498.610623 4123795.055166 2.287868 2
302498.404166 4123795.315534 2.295064 2
302498.180285 4123795.578095 2.315903 2
302497.958914 4123795.829160 2.340965 2
302497.739482 4123796.056617 2.374514 2
302497.509282 4123796.265491 2.413297 2
302497.261271 4123796.478861 2.449679 2
302497.021341 4123796.666309 2.481414 2
302496.737829 4123796.865623 2.517646 2
302496.455975 4123797.048068 2.549311 2
302496.190402 4123797.219220 2.575080 2
302495.911960 4123797.392445 2.597994 2
302495.637682 4123797.553150 2.623467 2
302495.360584 4123797.735037 2.625932 2
302495.089640 4123797.915746 2.625626 2
302494.820570 4123798.094622 2.619208 2
302494.549228 4123798.274302 2.617869 2
302494.273575 4123798.449751 2.630368 2
