302530.431215 4124110.865670 -1.489647 0
302530.444615 4124110.546583 -1.489443 0
302530.447341 4124110.233619 -1.489515 0
302530.441801 4124109.895462 -1.485845 0
302530.435519 4124109.568473 -1.485137 0
302530.435264 4124109.250866 -1.484991 0
302530.440211 4124108.926851 -1.484513 0
302530.445915 4124108.578089 -1.484925 0
302530.453143 4124108.259948 -1.483775 0
302530.455969 4124107.922432 -1.483504 0
302530.457344 4124107.592259 -1.481245 0
302530.459203 4124107.258804 -1.473485 0
302530.470876 4124106.924720 -1.464269 0
302530.483235 4124106.624901 -1.461590 0
302530.496289 4124106.315919 -1.460906 0
302530.507763 4124105.971945 -1.463771 0
302530.511775 4124105.671239 -1.464831 0
302530.518313 4124105.364297 -1.465746 0
302530.523856 4124105.053370 -1.467640 0
302530.529310 4124104.736755 -1.469151 0
302530.534815 4124104.431102 -1.470257 0
302530.540924 4124104.122879 -1.470561 0
302530.545381 4124103.803474 -1.471496 0
302530.549096 4124103.465553 -1.472644 0
302530.550665 4124103.160136 -1.474308 0
302530.551319 4124102.846065 -1.475440 0
302530.549482 4124102.500613 -1.476717 0
302530.545070 4124102.160941 -1.478682 0
302530.546594 4124101.827147 -1.479347 0
302530.544880 4124101.504622 -1.480450 0
302530.550476 4124101.203886 -1.481099 0
302530.554247 4124100.864600 -1.483155 0
302530.557865 4124100.557759 -1.480203 0
302530.566231 4124100.241838 -1.479338 0
302530.570539 4124099.895063 -1.479708 0
302530.580499 4124099.591525 -1.479138 0
302530.580983 4124099.240000 -1.478484 0
302530.582408 4124098.894615 -1.478303 0
302530.587390 4124098.558668 -1.473404 0
302530.591514 4124098.234951 -1.470302 0
302530.601758 4124097.908080 -1.469646 0
302530.608205 4124097.596409 -1.468693 0
302530.616767 4124097.238393 -1.467477 0
302530.625911 4124096.937775 -1.466368 0
302530.633283 4124096.581333 -1.466297 0
302530.644964 4124096.224852 -1.465967 0
302530.654559 4124095.872386 -1.465188 0
302530.663241 4124095.533195 -1.464620 0
302530.670135 4124095.207077 -1.464584 0
302530.678375 4124094.906959 -1.464207 0
302530.690666 4124094.572599 -1.463656 0
302530.699097 4124094.252179 -1.463068 0
302530.709945 4124093.932125 -1.463350 0
302530.719379 4124093.597305 -1.464042 0
302530.730195 4124093.244744 -1.465510 0
302530.737523 4124092.903922 -1.466225 0
302530.740841 4124092.597999 -1.468227 0
302530.739267 4124092.295871 -1.472540 0
302530.743516 4124091.986208 -1.473962 0
302530.746032 4124091.672043 -1.475846 0
302530.745089 4124091.339312 -1.479388 0
302530.744888 4124091.027032 -1.481684 0
302530.743223 4124090.679881 -1.484873 0
302530.740486 4124090.357398 -1.490407 0
302530.742713 4124090.030866 -1.494966 0
302530.742212 4124089.699237 -1.498461 0
302530.733133 4124089.362334 -1.502033 0
302530.724551 4124089.021823 -1.503797 0
302530.714105 4124088.680331 -1.504915 0
302530.705723 4124088.325283 -1.505605 0
302530.695989 4124087.990625 -1.506675 0
302530.687193 4124087.683844 -1.508053 0
302530.674829 4124087.335904 -1.510067 0
302530.675188 4124087.004207 -1.497577 0
302530.675737 4124086.637679 -1.490694 0
302530.676955 4124086.278911 -1.490501 0
302530.682929 4124085.958536 -1.488265 0
302530.685638 4124085.648868 -1.485469 0
302530.693944 4124085.333009 -1.483210 0
302530.701195 4124085.030863 -1.480003 0
302530.706602 4124084.680877 -1.479936 0
302530.709953 4124084.331995 -1.478881 0
302530.712869 4124084.029969 -1.476821 0
302530.714995 4124083.712563 -1.476220 0
302530.716088 4124083.383261 -1.474994 0
302530.718396 4124083.061823 -1.474984 0
302530.724831 4124082.713021 -1.472362 0
302530.737498 4124082.371797 -1.471337 0
302530.745918 4124082.050862 -1.470359 0
302530.754028 4124081.733187 -1.469886 0
302530.766292 4124081.366036 -1.468990 0
302530.773527 4124081.000161 -1.467731 0
302530.772762 4124080.690724 -1.466869 0
302530.776225 4124080.345372 -1.466386 0
302530.779459 4124079.981575 -1.467146 0
302530.782046 4124079.657189 -1.465878 0
302530.784731 4124079.292839 -1.465745 0
302530.792322 4124078.949977 -1.465047 0
302530.799465 4124078.601209 -1.465185 0
302530.805123 4124078.243131 -1.467369 0
302530.812002 4124077.915336 -1.467327 0
302530.814496 4124077.601321 -1.470473 0
302530.817396 4124077.234329 -1.473344 0
302530.818316 4124076.860532 -1.476830 0
302530.826118 4124076.558502 -1.478403 0
302530.832767 4124076.256457 -1.480318 0
302530.834900 4124075.945009 -1.480842 0
302530.837413 4124075.643420 -1.481980 0
302530.833878 4124075.334912 -1.483562 0
302530.829310 4124075.027357 -1.485179 0
302530.825805 4124074.656668 -1.485805 0
302530.823611 4124074.337403 -1.486712 0
302530.823688 4124074.019331 -1.486760 0
302530.823126 4124073.670014 -1.488389 0
302530.819374 4124073.335989 -1.489641 0
302530.814231 4124072.993463 -1.490339 0
302530.811428 4124072.667532 -1.490960 0
302530.808142 4124072.323502 -1.492160 0
302530.802924 4124071.974075 -1.492387 0
302530.802398 4124071.634083 -1.493841 0
302530.798570 4124071.279543 -1.495398 0
302530.795481 4124070.924719 -1.495853 0
302530.793110 4124070.613950 -1.497266 0
302530.786713 4124070.311497 -1.498368 0
302530.784799 4124069.982341 -1.500718 0
302530.780879 4124069.661833 -1.498680 0
302530.783539 4124069.310959 -1.495999 0
302530.787532 4124068.989503 -1.494582 0
302530.779777 4124068.668825 -1.493755 0
302530.776947 4124068.338558 -1.494256 0
302530.778728 4124068.026030 -1.492126 0
302530.782483 4124067.677256 -1.491773 0
302530.788214 4124067.327234 -1.491674 0
302530.788930 4124067.014444 -1.491180 0
302530.791151 4124066.701072 -1.491121 0
302530.785614 4124066.373624 -1.490083 0
302530.780718 4124066.069495 -1.489481 0
302530.776060 4124065.768066 -1.489496 0
302530.773975 4124065.404073 -1.488345 0
302530.774641 4124065.038240 -1.489734 0
302530.772130 4124064.708487 -1.489228 0
302530.769752 4124064.375061 -1.488333 0
302530.767940 4124064.016759 -1.487265 0
302530.766112 4124063.657332 -1.485374 0
302530.768711 4124063.355917 -1.485228 0
302530.771844 4124063.027946 -1.484407 0
302530.777313 4124062.684170 -1.484129 0
302530.781831 4124062.345038 -1.483278 0
302530.783691 4124062.036933 -1.482685 0
302530.790284 4124061.687515 -1.481941 0
302530.793641 4124061.333353 -1.481401 0
302530.791687 4124061.011946 -1.480571 0
302530.793206 4124060.709414 -1.480363 0
302530.793733 4124060.383920 -1.479151 0
302530.796331 4124060.023009 -1.478526 0
302530.799234 4124059.665671 -1.477371 0
302530.805946 4124059.365015 -1.477092 0
302530.810962 4124059.024495 -1.475860 0
302530.818975 4124058.679140 -1.476081 0
302530.821317 4124058.346693 -1.475690 0
302530.822493 4124057.981281 -1.475193 0
302530.827010 4124057.618536 -1.474255 0
302530.829619 4124057.303225 -1.473753 0
302530.835393 4124056.985233 -1.473481 0
302530.839376 4124056.624686 -1.472106 0
302530.844345 4124056.280332 -1.470884 0
302530.850547 4124055.974143 -1.470516 0
302530.859289 4124055.625405 -1.469957 0
302530.862976 4124055.271615 -1.470228 0
302530.873963 4124054.956056 -1.470013 0
302530.879348 4124054.630879 -1.469087 0
302530.887571 4124054.280635 -1.466333 0
302530.896809 4124053.930326 -1.465111 0
302530.903764 4124053.582476 -1.465343 0
302530.915276 4124053.223112 -1.464596 0
302530.922787 4124052.889043 -1.462797 0
302530.934135 4124052.529629 -1.460792 0
302530.941912 4124052.184847 -1.459876 0
302530.951847 4124051.837149 -1.460022 0
302530.963841 4124051.491026 -1.458648 0
302530.975130 4124051.176612 -1.457598 0
302530.989552 4124050.863625 -1.457041 0
302531.006728 4124050.508935 -1.455885 0
302531.018789 4124050.157512 -1.456028 0
302531.025099 4124049.800771 -1.455819 0
302531.033566 4124049.462221 -1.455754 0
302531.041873 4124049.147527 -1.455349 0
302531.051266 4124048.846224 -1.455963 0
302531.063528 4124048.514815 -1.456381 0
302531.074573 4124048.188423 -1.455177 0
302531.088793 4124047.841019 -1.452932 0
302531.105449 4124047.493377 -1.448992 0
302531.120244 4124047.160885 -1.445436 0
302531.133096 4124046.859183 -1.444212 0
302531.144679 4124046.511606 -1.443164 0
302531.159827 4124046.148841 -1.442200 0
302531.175781 4124045.819125 -1.441170 0
302531.191166 4124045.498983 -1.439172 0
302531.210524 4124045.134461 -1.439247 0
302531.228059 4124044.825011 -1.437643 0
302531.243660 4124044.521766 -1.436275 0
302531.264684 4124044.159623 -1.436653 0
302531.280068 4124043.848516 -1.435372 0
302531.289504 4124043.541397 -1.435803 0
302531.306196 4124043.224102 -1.435064 0
302531.323459 4124042.921115 -1.435253 0
302531.339183 4124042.621524 -1.436612 0
302531.353910 4124042.311608 -1.436345 0
302531.368181 4124041.995230 -1.436033 0
302531.383771 4124041.680261 -1.436633 0
302531.395246 4124041.366200 -1.442043 0
302531.412330 4124041.057199 -1.443027 0
302531.426171 4124040.742808 -1.443186 0
302531.437217 4124040.441205 -1.445379 0
302531.446897 4124040.125866 -1.445616 0
302531.456573 4124039.820642 -1.448916 0
302531.472059 4124039.451941 -1.450308 0
302531.483730 4124039.095301 -1.451591 0
302531.491710 4124038.780170 -1.454399 0
302531.499163 4124038.408483 -1.454176 0
302531.507456 4124038.038966 -1.457449 0
302531.517772 4124037.738524 -1.458794 0
302531.528238 4124037.431983 -1.461041 0
302531.541910 4124037.119101 -1.463887 0
302531.542779 4124036.804794 -1.469691 0
302531.543816 4124036.502839 -1.472557 0
302531.539326 4124036.130835 -1.475341 0
302531.537007 4124035.828397 -1.477238 0
302531.538008 4124035.526742 -1.478617 0
302531.536191 4124035.196289 -1.480390 0
302531.533863 4124034.845239 -1.482208 0
302531.530362 4124034.497416 -1.483447 0
302531.528881 4124034.163478 -1.484620 0
302531.528383 4124033.828074 -1.486982 0
302531.531117 4124033.527583 -1.487831 0
302531.530422 4124033.215358 -1.488673 0
302531.528696 4124032.864827 -1.490375 0
302531.527667 4124032.516812 -1.491697 0
302531.525779 4124032.161545 -1.493223 0
302531.521068 4124031.829883 -1.493916 0
302531.515733 4124031.528753 -1.494023 0
302531.524660 4124031.191594 -1.483638 0
302531.533900 4124030.887867 -1.476568 0
302531.538366 4124030.573961 -1.474101 0
302531.542985 4124030.253098 -1.472864 0
302531.549942 4124029.914081 -1.471921 0
302531.556648 4124029.597474 -1.471267 0
302531.565815 4124029.272595 -1.469911 0
302531.569786 4124028.940088 -1.469740 0
302531.570651 4124028.593541 -1.468102 0
302531.574023 4124028.246694 -1.466878 0
302531.583140 4124027.919230 -1.464982 0
302531.593501 4124027.558858 -1.463198 0
302531.605424 4124027.220089 -1.463711 0
302531.614538 4124026.883205 -1.462963 0
302531.620419 4124026.552262 -1.465403 0
302531.630511 4124026.248919 -1.466941 0
302531.643711 4124025.886788 -1.472148 0
302531.650303 4124025.551584 -1.474152 0
302531.653607 4124025.249568 -1.475370 0
302531.656400 4124024.902955 -1.476064 0
302531.656913 4124024.548086 -1.476838 0
302531.652318 4124024.230900 -1.479120 0
302531.650715 4124023.865059 -1.484747 0
302531.641591 4124023.532255 -1.489210 0
302531.639818 4124023.210535 -1.491151 0
302531.638481 4124022.882176 -1.488552 0
302531.647583 4124022.552280 -1.481736 0
302531.654518 4124022.225826 -1.478627 0
302531.668150 4124021.895713 -1.471644 0
302531.681056 4124021.562118 -1.469494 0
302531.693644 4124021.229274 -1.469044 0
302531.699873 4124020.908714 -1.466874 0
302531.705111 4124020.598512 -1.464856 0
302531.717987 4124020.294995 -1.452379 0
302531.731924 4124019.990629 -1.445043 0
302531.745567 4124019.685647 -1.443617 0
302531.760927 4124019.328485 -1.442970 0
302531.781381 4124019.027327 -1.438690 0
302531.808072 4124018.709543 -1.430566 0
302531.832030 4124018.392355 -1.421109 0
302531.864882 4124018.084357 -1.404254 0
302531.910032 4124017.783698 -1.381946 0
302531.961956 4124017.483853 -1.364679 0
302532.020127 4124017.153809 -1.347387 0
302532.076393 4124016.818005 -1.333221 0
302532.146223 4124016.475724 -1.318057 0
302532.223231 4124016.122856 -1.303150 0
302532.299258 4124015.826298 -1.286924 0
302532.379681 4124015.522915 -1.267789 0
302532.470891 4124015.212929 -1.244576 0
302532.577877 4124014.906368 -1.221437 0
302532.685021 4124014.610411 -1.197776 0
302532.796253 4124014.319021 -1.179332 0
302532.905361 4124014.024542 -1.164294 0
302533.018442 4124013.729036 -1.150898 0
302533.135114 4124013.418345 -1.141006 0
302533.263282 4124013.104594 -1.128933 0
302533.399128 4124012.793560 -1.106783 0
302533.556545 4124012.483048 -1.074341 0
302533.703951 4124012.184117 -1.051017 0
302533.862858 4124011.890477 -1.026310 0
302534.022723 4124011.601609 -1.007082 0
302534.191245 4124011.304322 -0.988564 0
302534.355801 4124011.022451 -0.973302 0
302534.522682 4124010.764682 -0.950195 0
302534.707096 4124010.496213 -0.925813 0
302534.888271 4124010.249328 -0.903130 0
302535.078797 4124010.005393 -0.882360 0
302535.267306 4124009.764667 -0.868474 0
302535.457265 4124009.523859 -0.853260 0
302535.659939 4124009.273703 -0.834345 0
302535.875026 4124009.018033 -0.816541 0
302536.105605 4124008.764466 -0.787761 0
302536.342892 4124008.522436 -0.759485 0
302536.578629 4124008.293865 -0.735370 0
302536.812263 4124008.077622 -0.710991 0
302537.075799 4124007.846278 -0.683278 0
302537.348900 4124007.623558 -0.650470 0
302537.623703 4124007.405543 -0.625900 0
302537.899382 4124007.201497 -0.601725 0
302538.150465 4124007.017785 -0.592356 0
302538.425681 4124006.809731 -0.581184 0
302538.673496 4124006.614956 -0.580796 0
302538.943433 4124006.416645 -0.568210 0
302539.204909 4124006.236818 -0.552244 0
302539.462007 4124006.069716 -0.534639 0
302539.752096 4124005.888377 -0.512341 0
302540.042190 4124005.725105 -0.483410 0
302540.329830 4124005.567134 -0.453714 0
302540.616653 4124005.417616 -0.424494 0
302540.915902 4124005.285386 -0.397365 0
302541.211699 4124005.158298 -0.369429 0
302541.516680 4124005.042406 -0.344946 0
302541.828185 4124004.927793 -0.318346 0
302542.138325 4124004.818044 -0.295144 0
302542.462175 4124004.718225 -0.268603 0
302542.782830 4124004.623928 -0.246061 0
302543.086262 4124004.548430 -0.225646 0
302543.428904 4124004.463758 -0.203891 0
302543.752697 4124004.389335 -0.180924 0
302544.080334 4124004.316916 -0.165801 0
302544.402509 4124004.248363 -0.154936 0
302544.707162 4124004.180551 -0.152964 0
302545.061667 4124004.102628 -0.148367 0
302545.399925 4124004.035403 -0.131524 0
302545.700109 4124003.982513 -0.112745 0
302546.021453 4124003.928418 -0.096190 0
302546.361393 4124003.868895 -0.087705 0
302546.693176 4124003.817518 -0.077896 0
302547.054348 4124003.775220 -0.054196 0
302547.389235 4124003.743886 -0.034219 0
302547.724309 4124003.720966 -0.020784 0
302548.053749 4124003.683529 -0.019621 0
302548.374855 4124003.654877 -0.017806 0
302548.707643 4124003.614691 -0.013502 0
302549.029335 4124003.590072 -0.000079 0
302549.368526 4124003.580178 0.011210 0
302549.697876 4124003.557265 0.013388 0
302550.008319 4124003.544185 0.013957 0
302550.348830 4124003.518948 0.014827 0
302550.684800 4124003.502382 0.015955 0
302551.026179 4124003.471678 0.019081 0
302551.354979 4124003.455470 0.036149 0
302551.683012 4124003.452629 0.049624 0
302552.009120 4124003.447029 0.055153 0
302552.325511 4124003.449988 0.056094 0
302552.645824 4124003.441916 0.057037 0
302552.952984 4124003.434300 0.058612 0
302553.271071 4124003.428418 0.059454 0
302553.585832 4124003.418533 0.059816 0
302553.889748 4124003.411611 0.063606 0
302554.192283 4124003.411108 0.066484 0
302554.503000 4124003.404578 0.066772 0
302554.826908 4124003.401209 0.069192 0
302555.150089 4124003.403444 0.075629 0
302555.464838 4124003.404157 0.079583 0
302555.774954 4124003.398874 0.080277 0
302556.090502 4124003.391433 0.080519 0
302556.407596 4124003.391450 0.084620 0
302556.722930 4124003.386103 0.085264 0
302557.040300 4124003.389834 0.086818 0
302557.376262 4124003.391548 0.087412 0
302557.717764 4124003.394778 0.087189 0
302558.057993 4124003.391712 0.089082 0
302558.393263 4124003.388479 0.089566 0
302558.705519 4124003.391927 0.089072 0
302559.069420 4124003.392248 0.089064 0
302559.397714 4124003.390138 0.089545 0
302559.732738 4124003.391135 0.091086 0
302560.071347 4124003.388942 0.092397 0
302560.386017 4124003.390945 0.092507 0
302560.693853 4124003.393296 0.092552 0
302561.023390 4124003.391724 0.093028 0
302561.362065 4124003.391557 0.094333 0
302561.705953 4124003.397963 0.095499 0
302562.035651 4124003.394788 0.095826 0
302562.358101 4124003.399128 0.096469 0
302562.693647 4124003.399552 0.097216 0
302563.028863 4124003.404682 0.098332 0
302563.355789 4124003.403114 0.098862 0
302563.670292 4124003.404804 0.099482 0
302563.990292 4124003.415606 0.099478 0
302564.304532 4124003.417631 0.099758 0
302564.620886 4124003.421261 0.101372 0
302564.943708 4124003.432118 0.102071 0
302565.260122 4124003.439360 0.102464 0
302565.568140 4124003.449795 0.102683 0
302565.877158 4124003.453631 0.102871 0
302566.235374 4124003.458894 0.104575 0
302566.542023 4124003.463047 0.104852 0
302566.860465 4124003.474665 0.104952 0
302567.185550 4124003.477409 0.103780 0
302567.517325 4124003.473936 0.102563 0
302567.844786 4124003.472621 0.101534 0
302568.199518 4124003.479014 0.100492 0
302568.554701 4124003.480694 0.099125 0
302568.897611 4124003.475961 0.094855 0
302569.214978 4124003.476330 0.092118 0
302569.555347 4124003.467122 0.090835 0
302569.859588 4124003.469304 0.090168 0
302570.212982 4124003.459826 0.086953 0
302570.535456 4124003.462738 0.084783 0
302570.844271 4124003.463638 0.083940 0
302571.174522 4124003.461784 0.084048 0
302571.487834 4124003.459969 0.082727 0
302571.790435 4124003.454181 0.082278 0
302572.105460 4124003.449892 0.081311 0
302572.424242 4124003.446817 0.080617 0
302572.726553 4124003.444257 0.080153 0
302573.030024 4124003.440016 0.079785 0
302573.341086 4124003.439273 0.079414 0
302573.654042 4124003.440623 0.078609 0
302573.965496 4124003.434403 0.076552 0
302574.280232 4124003.415051 0.075721 0
302574.596073 4124003.404519 0.075293 0
