302574.233190 4124003.434337 0.076254 3
302574.560706 4124003.446475 0.076171 3
302574.863027 4124003.437725 0.075454 3
302575.174801 4124003.431767 0.075927 3
302575.487786 4124003.430253 0.077208 3
302575.817681 4124003.423095 0.079091 3
302576.119117 4124003.418284 0.079912 3
302576.421310 4124003.415916 0.079581 3
302576.764499 4124003.417907 0.080172 3
302577.081423 4124003.415645 0.081383 3
302577.404387 4124003.411285 0.081210 3
302577.731232 4124003.401483 0.080535 3
302578.057993 4124003.388319 0.080570 3
302578.383763 4124003.378699 0.075522 3
302578.691775 4124003.371967 0.070354 3
302579.024344 4124003.371456 0.068083 3
302579.362699 4124003.369366 0.061027 3
302579.665038 4124003.353586 0.047912 3
302579.990788 4124003.317347 0.031681 3
302580.300708 4124003.273006 0.010688 3
302580.607610 4124003.219818 -0.021990 3
302580.915439 4124003.143275 -0.055545 3
302581.218725 4124003.076674 -0.071505 3
302581.526089 4124003.011401 -0.085621 3
302581.831154 4124002.934108 -0.104198 3
302582.160449 4124002.832950 -0.136484 3
302582.453544 4124002.737935 -0.163944 3
302582.743417 4124002.631336 -0.194275 3
302583.023752 4124002.512240 -0.228157 3
302583.305013 4124002.390027 -0.259846 3
302583.597415 4124002.244739 -0.296349 3
302583.883868 4124002.096056 -0.327287 3
302584.158998 4124001.947886 -0.349766 3
302584.422461 4124001.800927 -0.361636 3
302584.697725 4124001.646460 -0.392390 3
302584.971331 4124001.477747 -0.427580 3
302585.228804 4124001.279977 -0.476413 3
302585.470069 4124001.090646 -0.506061 3
302585.704860 4124000.903176 -0.523182 3
302585.945430 4124000.650875 -0.584171 3
302586.150065 4124000.410394 -0.639972 3
302586.356177 4124000.182251 -0.655890 3
302586.586032 4123999.947699 -0.658420 3
302586.791814 4123999.696221 -0.700686 3
302586.995655 4123999.438637 -0.736071 3
302587.183327 4123999.198856 -0.765447 3
302587.360117 4123998.950440 -0.800595 3
302587.536873 4123998.666726 -0.845818 3
302587.699012 4123998.371647 -0.889484 3
302587.834029 4123998.100953 -0.931379 3
302587.958699 4123997.797737 -0.979536 3
302588.072407 4123997.475284 -1.031015 3
302588.180688 4123997.151593 -1.065445 3
302588.282621 4123996.844501 -1.099425 3
302588.361573 4123996.526197 -1.141048 3
302588.421088 4123996.218445 -1.186169 3
302588.485712 4123995.885212 -1.213345 3
302588.561499 4123995.573222 -1.213797 3
302588.634905 4123995.274869 -1.225501 3
302588.694157 4123994.966786 -1.249551 3
302588.742951 4123994.658539 -1.271767 3
302588.790597 4123994.317768 -1.299759 3
302588.819793 4123994.015059 -1.333137 3
302588.831582 4123993.700200 -1.366008 3
302588.838294 4123993.385554 -1.390853 3
302588.843723 4123993.069450 -1.412525 3
302588.842381 4123992.710635 -1.434352 3
302588.852150 4123992.352303 -1.437091 3
302588.864084 4123991.997556 -1.439254 3
302588.872733 4123991.653389 -1.440785 3
302588.883142 4123991.323905 -1.442202 3
302588.891527 4123991.005628 -1.443936 3
302588.899850 4123990.698696 -1.445855 3
302588.905538 4123990.392620 -1.454192 3
302588.915348 4123990.050180 -1.462133 3
302588.928601 4123989.715447 -1.464111 3
302588.934356 4123989.407078 -1.466680 3
302588.940161 4123989.094555 -1.469698 3
302588.936820 4123988.784692 -1.475844 3
302588.932088 4123988.459336 -1.476883 3
302588.930234 4123988.134864 -1.477938 3
