302588.929146 4123988.313118 -1.483059 0
302588.946205 4123988.002183 -1.483590 0
302588.941390 4123987.679002 -1.483156 0
302588.934410 4123987.360012 -1.484735 0
302588.918626 4123987.032969 -1.492864 0
302588.912374 4123986.716598 -1.503288 0
302588.912830 4123986.413482 -1.505635 0
302588.909096 4123986.110570 -1.505155 0
302588.907073 4123985.798751 -1.508764 0
302588.897597 4123985.483570 -1.511246 0
302588.888888 4123985.152709 -1.513359 0
302588.871473 4123984.836829 -1.517995 0
302588.853574 4123984.532487 -1.520692 0
302588.836033 4123984.226463 -1.521786 0
302588.820376 4123983.926372 -1.524166 0
302588.806362 4123983.586012 -1.526954 0
302588.784015 4123983.282759 -1.535324 0
302588.763031 4123982.976815 -1.535683 0
302588.745136 4123982.657839 -1.535799 0
302588.729201 4123982.353929 -1.536114 0
302588.711407 4123982.037287 -1.537873 0
302588.692986 4123981.708327 -1.538803 0
302588.673635 4123981.388866 -1.540219 0
302588.650997 4123981.072699 -1.543094 0
302588.630169 4123980.750538 -1.544614 0
302588.603851 4123980.416979 -1.546619 0
302588.576040 4123980.091483 -1.548445 0
302588.549291 4123979.763679 -1.554142 0
302588.520953 4123979.448939 -1.558230 0
302588.499750 4123979.143276 -1.561056 0
302588.472633 4123978.797721 -1.563548 0
302588.440060 4123978.441615 -1.564388 0
302588.409185 4123978.126133 -1.565182 0
302588.378948 4123977.820769 -1.567795 0
302588.349576 4123977.474601 -1.569706 0
302588.311833 4123977.116809 -1.578125 0
302588.282005 4123976.814160 -1.583030 0
302588.249282 4123976.513224 -1.583705 0
302588.219030 4123976.197431 -1.587013 0
302588.178119 4123975.887062 -1.597187 0
302588.133098 4123975.585429 -1.607677 0
302588.088863 4123975.282533 -1.613501 0
302588.040251 4123974.979357 -1.616312 0
302587.993200 4123974.683062 -1.618461 0
302587.944163 4123974.381968 -1.623898 0
302587.888215 4123974.046275 -1.628468 0
302587.832431 4123973.712733 -1.631296 0
302587.776000 4123973.380819 -1.634180 0
302587.717420 4123973.052792 -1.643193 0
302587.664331 4123972.726437 -1.649199 0
302587.612638 4123972.386064 -1.653021 0
302587.563019 4123972.066676 -1.655519 0
302587.511179 4123971.722826 -1.659257 0
302587.454808 4123971.411585 -1.660437 0
302587.400365 4123971.098418 -1.661046 0
302587.336600 4123970.787490 -1.666902 0
302587.276651 4123970.487534 -1.671217 0
302587.212200 4123970.175615 -1.675059 0
302587.140181 4123969.857122 -1.687338 0
302587.067507 4123969.516350 -1.691538 0
302587.002790 4123969.186365 -1.693840 0
302586.931270 4123968.851563 -1.702222 0
302586.867829 4123968.537584 -1.704058 0
302586.801466 4123968.217199 -1.704561 0
302586.734251 4123967.884221 -1.707634 0
302586.661508 4123967.546507 -1.708081 0
302586.593746 4123967.246062 -1.710093 0
302586.523576 4123966.934865 -1.712387 0
302586.440526 4123966.600266 -1.713681 0
302586.369522 4123966.307804 -1.714677 0
302586.287835 4123965.970113 -1.717597 0
302586.211367 4123965.679543 -1.720501 0
302586.130424 4123965.372133 -1.725602 0
302586.054005 4123965.075960 -1.727880 0
302585.973011 4123964.756285 -1.732503 0
302585.893659 4123964.436212 -1.734922 0
302585.811951 4123964.117397 -1.737939 0
302585.731265 4123963.819347 -1.744672 0
302585.638762 4123963.498453 -1.751465 0
302585.534548 4123963.164008 -1.760809 0
302585.445230 4123962.831817 -1.769982 0
302585.364356 4123962.537865 -1.770203 0
302585.262050 4123962.198704 -1.779274 0
302585.157700 4123961.911321 -1.790316 0
302585.060988 4123961.626293 -1.795568 0
302584.947273 4123961.305453 -1.795653 0
302584.834909 4123961.006606 -1.803289 0
302584.723985 4123960.712609 -1.808438 0
302584.609915 4123960.391337 -1.811852 0
302584.502145 4123960.098767 -1.816770 0
302584.397179 4123959.806599 -1.824497 0
302584.298128 4123959.504280 -1.828016 0
302584.192811 4123959.210640 -1.831255 0
302584.084780 4123958.913540 -1.834628 0
302583.965913 4123958.610823 -1.836931 0
302583.864551 4123958.325717 -1.831883 0
302583.760168 4123958.018228 -1.831466 0
302583.653865 4123957.701838 -1.828236 0
302583.556838 4123957.403488 -1.829131 0
302583.454637 4123957.116195 -1.830833 0
302583.366452 4123956.825025 -1.829065 0
302583.252243 4123956.514421 -1.825462 0
302583.153286 4123956.223212 -1.824930 0
302583.051109 4123955.910436 -1.824354 0
302582.950456 4123955.621257 -1.822384 0
302582.844219 4123955.319345 -1.820403 0
302582.739549 4123954.998151 -1.818450 0
302582.656448 4123954.709048 -1.817370 0
302582.556025 4123954.423508 -1.815427 0
302582.446925 4123954.120682 -1.813501 0
302582.341452 4123953.796860 -1.813926 0
302582.245205 4123953.510033 -1.814440 0
302582.137970 4123953.205373 -1.814310 0
302582.036083 4123952.896556 -1.813848 0
302581.941176 4123952.605846 -1.813628 0
302581.838511 4123952.322423 -1.814656 0
302581.735362 4123952.012008 -1.817688 0
302581.618995 4123951.673290 -1.823819 0
302581.508322 4123951.386338 -1.827274 0
302581.392423 4123951.081877 -1.833231 0
302581.282320 4123950.772705 -1.836743 0
302581.184017 4123950.473000 -1.837246 0
302581.086422 4123950.172861 -1.840367 0
302580.974049 4123949.869561 -1.842309 0
302580.865007 4123949.570233 -1.843705 0
302580.743987 4123949.272939 -1.844149 0
302580.634516 4123948.979346 -1.846224 0
302580.521962 4123948.692270 -1.851985 0
302580.396433 4123948.364528 -1.858150 0
302580.286558 4123948.065559 -1.859765 0
302580.179616 4123947.772910 -1.863582 0
302580.067635 4123947.484323 -1.870392 0
302579.939173 4123947.157353 -1.874010 0
302579.812956 4123946.827996 -1.876089 0
302579.700794 4123946.548433 -1.878671 0
302579.583703 4123946.254818 -1.878579 0
302579.471036 4123945.963143 -1.880102 0
302579.356647 4123945.682834 -1.881850 0
302579.224758 4123945.369380 -1.884557 0
302579.091987 4123945.046586 -1.885924 0
302578.968416 4123944.741941 -1.885929 0
302578.847383 4123944.447969 -1.881315 0
302578.721968 4123944.135400 -1.881661 0
302578.610034 4123943.850781 -1.882059 0
302578.498082 4123943.562452 -1.881499 0
302578.383095 4123943.267671 -1.881839 0
302578.252103 4123942.956053 -1.880443 0
302578.125126 4123942.641182 -1.880928 0
302577.998873 4123942.329730 -1.880667 0
302577.869202 4123942.007174 -1.880276 0
302577.747165 4123941.685203 -1.881060 0
302577.628849 4123941.407377 -1.879241 0
302577.509554 4123941.114349 -1.878052 0
302577.389031 4123940.821618 -1.878997 0
302577.272620 4123940.542939 -1.877165 0
302577.151741 4123940.265683 -1.877097 0
302577.031974 4123939.983005 -1.879119 0
302576.906326 4123939.684120 -1.881487 0
302576.789277 4123939.394488 -1.884448 0
302576.666707 4123939.108879 -1.887601 0
302576.541575 4123938.819678 -1.891240 0
302576.417708 4123938.526169 -1.894303 0
302576.304205 4123938.240919 -1.895428 0
302576.182156 4123937.941634 -1.897392 0
302576.057810 4123937.636901 -1.899769 0
302575.918345 4123937.322535 -1.903235 0
302575.778257 4123937.002194 -1.905362 0
302575.632545 4123936.679125 -1.908607 0
302575.490617 4123936.369303 -1.910338 0
302575.358706 4123936.074643 -1.911890 0
302575.227919 4123935.780899 -1.913609 0
302575.097543 4123935.482608 -1.915416 0
302574.954384 4123935.146527 -1.918076 0
302574.807129 4123934.805371 -1.920644 0
302574.676748 4123934.522376 -1.922593 0
302574.542698 4123934.226910 -1.925475 0
302574.403971 4123933.927851 -1.925985 0
302574.263689 4123933.628126 -1.927847 0
302574.127547 4123933.331831 -1.929911 0
302573.992538 4123933.047342 -1.933490 0
302573.860714 4123932.776845 -1.938014 0
302573.700591 4123932.449376 -1.939021 0
302573.549946 4123932.157226 -1.946979 0
302573.388305 4123931.836405 -1.951263 0
302573.247334 4123931.549363 -1.950826 0
302573.105916 4123931.268703 -1.949813 0
302572.969914 4123930.988422 -1.948944 0
302572.836228 4123930.711254 -1.949659 0
302572.700068 4123930.432270 -1.949812 0
302572.556256 4123930.144306 -1.951735 0
302572.395204 4123929.805873 -1.951414 0
302572.227054 4123929.465639 -1.951501 0
302572.080262 4123929.188419 -1.951325 0
302571.937462 4123928.912361 -1.951198 0
302571.793035 4123928.638008 -1.952365 0
302571.652128 4123928.371348 -1.951951 0
302571.487630 4123928.057185 -1.950669 0
302571.354414 4123927.785052 -1.951002 0
302571.194461 4123927.462660 -1.952893 0
302571.053897 4123927.173666 -1.952617 0
302570.896428 4123926.856233 -1.954979 0
302570.752232 4123926.554660 -1.954849 0
302570.609142 4123926.266641 -1.955613 0
302570.468403 4123925.971912 -1.955640 0
302570.323739 4123925.665850 -1.955858 0
302570.181336 4123925.374068 -1.955426 0
302570.039855 4123925.080836 -1.956304 0
302569.895601 4123924.771015 -1.955189 0
302569.743933 4123924.463731 -1.955809 0
302569.595569 4123924.163329 -1.956510 0
302569.449056 4123923.885348 -1.956292 0
302569.300651 4123923.598586 -1.957429 0
302569.145067 4123923.291407 -1.958090 0
302568.976927 4123922.970681 -1.958866 0
302568.834104 4123922.700727 -1.959330 0
302568.667488 4123922.382298 -1.959814 0
302568.497424 4123922.069394 -1.959824 0
302568.353615 4123921.774937 -1.960202 0
302568.208592 4123921.470111 -1.962004 0
302568.060743 4123921.164650 -1.962439 0
302567.915691 4123920.869102 -1.963187 0
302567.776231 4123920.584954 -1.964231 0
302567.639871 4123920.303614 -1.964939 0
302567.501308 4123920.016576 -1.966045 0
302567.362956 4123919.728930 -1.966106 0
302567.211795 4123919.418815 -1.967395 0
302567.064030 4123919.140069 -1.967764 0
302566.924877 4123918.873402 -1.968527 0
302566.762929 4123918.563882 -1.969735 0
302566.619295 4123918.292610 -1.970449 0
302566.480469 4123918.023348 -1.970395 0
302566.335234 4123917.737903 -1.971333 0
302566.190743 4123917.444240 -1.972429 0
302566.054648 4123917.176805 -1.972570 0
302565.915068 4123916.898540 -1.973998 0
302565.775093 4123916.620432 -1.975979 0
302565.633198 4123916.353331 -1.975783 0
302565.493995 4123916.078469 -1.976659 0
302565.353945 4123915.807988 -1.977305 0
302565.196966 4123915.517087 -1.977854 0
302565.049901 4123915.245799 -1.977531 0
302564.880486 4123914.935712 -1.978303 0
302564.718323 4123914.625466 -1.978457 0
302564.564469 4123914.320142 -1.978666 0
302564.404970 4123914.012060 -1.979002 0
302564.261427 4123913.733587 -1.978764 0
302564.105836 4123913.438720 -1.979213 0
302563.965890 4123913.160410 -1.979039 0
302563.830604 4123912.883741 -1.980472 0
302563.671390 4123912.569981 -1.976153 0
302563.526566 4123912.297666 -1.972195 0
302563.378603 4123912.012657 -1.971276 0
302563.223838 4123911.725218 -1.971931 0
302563.071472 4123911.424416 -1.968639 0
302562.939304 4123911.150391 -1.968131 0
302562.805290 4123910.878507 -1.966230 0
302562.670021 4123910.597959 -1.965620 0
302562.517799 4123910.314466 -1.966914 0
302562.367542 4123910.016185 -1.966613 0
302562.221847 4123909.719962 -1.967473 0
302562.062427 4123909.430305 -1.968167 0
302561.902315 4123909.135248 -1.966493 0
302561.760884 4123908.868380 -1.967252 0
302561.595741 4123908.558918 -1.966259 0
302561.454875 4123908.279501 -1.965515 0
302561.301114 4123907.975943 -1.966341 0
302561.139246 4123907.669225 -1.965410 0
302560.987178 4123907.364023 -1.965145 0
302560.832194 4123907.052038 -1.965072 0
302560.695784 4123906.780969 -1.964489 0
302560.563809 4123906.506663 -1.964412 0
302560.415051 4123906.214908 -1.964231 0
302560.265703 4123905.931578 -1.963196 0
302560.128300 4123905.659759 -1.964575 0
302559.989235 4123905.392795 -1.964075 0
302559.819389 4123905.074679 -1.964938 0
302559.654002 4123904.759831 -1.964766 0
302559.512694 4123904.494961 -1.965017 0
302559.366170 4123904.215931 -1.966581 0
302559.226409 4123903.936007 -1.967107 0
302559.084151 4123903.656021 -1.968232 0
302558.926771 4123903.352421 -1.973479 0
302558.755940 4123903.022183 -1.974646 0
302558.600143 4123902.730283 -1.976498 0
302558.443549 4123902.443911 -1.977713 0
302558.275590 4123902.139373 -1.981816 0
302558.103295 4123901.843194 -1.984439 0
302557.946570 4123901.555669 -1.985595 0
302557.802317 4123901.282787 -1.988107 0
302557.637243 4123900.968895 -1.990159 0
302557.476432 4123900.668335 -1.994722 0
302557.326079 4123900.388943 -1.996806 0
302557.158502 4123900.088305 -2.000896 0
302556.999972 4123899.813882 -2.009968 0
302556.826995 4123899.535978 -2.020901 0
302556.666525 4123899.260130 -2.023318 0
302556.518685 4123898.998310 -2.025498 0
302556.364384 4123898.740974 -2.029340 0
302556.210659 4123898.481401 -2.032133 0
302556.051915 4123898.212058 -2.034680 0
302555.893001 4123897.945595 -2.035051 0
302555.729829 4123897.683123 -2.039298 0
302555.570538 4123897.421428 -2.040551 0
302555.412892 4123897.159656 -2.041265 0
302555.244915 4123896.891121 -2.042283 0
302555.088598 4123896.632092 -2.042820 0
