302555.398939 4123897.122111 -2.040125 4
302555.262180 4123896.840749 -2.039326 4
302555.103861 4123896.583160 -2.039146 4
302554.937674 4123896.333390 -2.036573 4
302554.780730 4123896.053401 -2.026118 4
302554.613248 4123895.764772 -2.021761 4
302554.446875 4123895.489984 -2.024436 4
302554.301687 4123895.224214 -2.025512 4
302554.135957 4123894.925425 -2.024622 4
302553.963087 4123894.639731 -2.023688 4
302553.782559 4123894.345044 -2.024974 4
302553.608744 4123894.047788 -2.024155 4
302553.447612 4123893.762489 -2.023335 4
302553.292351 4123893.482719 -2.019788 4
302553.144621 4123893.190178 -2.014736 4
302552.998638 4123892.901110 -2.012184 4
302552.860378 4123892.633626 -2.011963 4
302552.710198 4123892.366823 -2.012344 4
302552.547436 4123892.082997 -2.009625 4
302552.389295 4123891.789133 -2.007567 4
302552.235005 4123891.516777 -2.006967 4
302552.056682 4123891.205692 -2.005708 4
302551.904762 4123890.924358 -2.003621 4
302551.755089 4123890.644185 -1.997091 4
302551.613335 4123890.379567 -1.991933 4
302551.484596 4123890.105545 -1.989185 4
302551.343515 4123889.821232 -1.987847 4
302551.204316 4123889.540903 -1.978451 4
302551.055147 4123889.244983 -1.969306 4
302550.907448 4123888.944433 -1.960296 4
302550.786134 4123888.662953 -1.955231 4
302550.666114 4123888.377420 -1.947507 4
302550.523078 4123888.069725 -1.942544 4
302550.379404 4123887.757160 -1.938719 4
302550.235676 4123887.439302 -1.934829 4
302550.089818 4123887.117567 -1.930380 4
302549.964805 4123886.832307 -1.925183 4
302549.838871 4123886.548046 -1.917428 4
302549.694269 4123886.219406 -1.904993 4
302549.558282 4123885.892756 -1.902130 4
302549.427444 4123885.576934 -1.897858 4
302549.297615 4123885.268926 -1.896535 4
302549.184068 4123884.988385 -1.894865 4
302549.070480 4123884.705129 -1.892939 4
302548.949958 4123884.400959 -1.889412 4
302548.835202 4123884.114594 -1.885889 4
302548.723410 4123883.836051 -1.884906 4
302548.606668 4123883.539895 -1.883408 4
302548.488358 4123883.237567 -1.882223 4
302548.382842 4123882.950424 -1.879557 4
302548.275980 4123882.654537 -1.878224 4
302548.161244 4123882.350250 -1.878037 4
302548.039250 4123882.051421 -1.878160 4
302547.929826 4123881.758027 -1.875521 4
302547.820152 4123881.465722 -1.876009 4
302547.695886 4123881.155028 -1.876043 4
302547.571021 4123880.850889 -1.875585 4
302547.446850 4123880.550745 -1.878163 4
302547.318898 4123880.249986 -1.877041 4
302547.194450 4123879.953773 -1.876444 4
302547.058788 4123879.625576 -1.875305 4
302546.933426 4123879.311306 -1.875101 4
302546.815833 4123878.998365 -1.875342 4
302546.699293 4123878.686985 -1.875150 4
302546.590749 4123878.402544 -1.873991 4
302546.465027 4123878.083725 -1.878172 4
302546.348408 4123877.790804 -1.879953 4
302546.225498 4123877.497182 -1.884289 4
302546.096586 4123877.196941 -1.886471 4
302545.976235 4123876.914995 -1.887419 4
302545.842102 4123876.617344 -1.889280 4
302545.720308 4123876.319994 -1.890099 4
302545.595578 4123876.018164 -1.891447 4
302545.479258 4123875.733656 -1.892471 4
302545.342292 4123875.408341 -1.893288 4
302545.224029 4123875.125374 -1.894830 4
302545.105946 4123874.839255 -1.896504 4
302544.989774 4123874.554589 -1.896659 4
302544.870910 4123874.271812 -1.897102 4
302544.735414 4123873.960649 -1.898352 4
302544.607933 4123873.666209 -1.900385 4
302544.488807 4123873.390825 -1.902565 4
302544.357544 4123873.074943 -1.903343 4
302544.216650 4123872.762899 -1.902764 4
302544.090538 4123872.476831 -1.905110 4
302543.955407 4123872.187194 -1.910670 4
302543.812416 4123871.878385 -1.916577 4
302543.676710 4123871.597376 -1.919547 4
302543.545126 4123871.315437 -1.924340 4
302543.391451 4123871.012599 -1.939203 4
302543.250070 4123870.733860 -1.957267 4
302543.097369 4123870.424160 -1.961998 4
302542.942253 4123870.139248 -1.975019 4
302542.779179 4123869.852761 -1.990508 4
302542.617823 4123869.581706 -2.004593 4
302542.456542 4123869.300390 -2.008075 4
302542.300455 4123869.022733 -2.009647 4
302542.147239 4123868.746053 -2.012364 4
302542.000655 4123868.483694 -2.014133 4
302541.851444 4123868.217871 -2.017071 4
