302542.159634 4123868.761825 -2.018207 0
302542.011424 4123868.480866 -2.017400 0
302541.861366 4123868.218450 -2.017412 0
302541.707741 4123867.949096 -2.018637 0
302541.555025 4123867.684974 -2.019282 0
302541.390519 4123867.404625 -2.020186 0
302541.224249 4123867.119363 -2.021776 0
302541.056411 4123866.840323 -2.020807 0
302540.895344 4123866.552002 -2.021566 0
302540.739944 4123866.270929 -2.020038 0
302540.588444 4123865.996165 -2.014525 0
302540.431627 4123865.710426 -2.012591 0
302540.268925 4123865.415557 -2.011435 0
302540.102297 4123865.115021 -2.011470 0
302539.953681 4123864.845344 -2.011398 0
302539.796142 4123864.562962 -2.010761 0
302539.633081 4123864.260211 -2.010048 0
302539.471573 4123863.977483 -2.009030 0
302539.304207 4123863.669908 -2.008134 0
302539.138660 4123863.372160 -2.000758 0
302538.992242 4123863.106357 -1.997063 0
302538.840444 4123862.825342 -1.993520 0
302538.691023 4123862.531462 -1.989467 0
302538.537592 4123862.263365 -1.987252 0
302538.395411 4123861.994673 -1.986287 0
302538.256943 4123861.720991 -1.984042 0
302538.100648 4123861.433889 -1.980493 0
302537.959454 4123861.164401 -1.985703 0
302537.796959 4123860.866989 -1.984109 0
302537.644614 4123860.604817 -1.988163 0
302537.490257 4123860.326077 -1.999977 0
302537.315544 4123860.010207 -2.004095 0
302537.170082 4123859.741154 -2.004948 0
302537.004753 4123859.433564 -2.006562 0
302536.848773 4123859.151328 -2.011565 0
302536.691874 4123858.877671 -2.013878 0
302536.538938 4123858.614268 -2.016220 0
302536.357696 4123858.317650 -2.018218 0
302536.194023 4123858.043928 -2.021096 0
302536.039464 4123857.780879 -2.022344 0
302535.874249 4123857.500470 -2.023418 0
302535.717386 4123857.243599 -2.023913 0
302535.558309 4123856.975664 -2.025819 0
302535.397490 4123856.708388 -2.026887 0
302535.238143 4123856.437960 -2.027986 0
302535.068879 4123856.155394 -2.030103 0
302534.905377 4123855.873957 -2.038221 0
302534.745971 4123855.593201 -2.038047 0
302534.586556 4123855.337548 -2.038481 0
