302534.790546 4123855.668196 -2.021383 4
302534.643895 4123855.378506 -2.020172 4
302534.486842 4123855.089057 -2.020649 4
302534.320907 4123854.812024 -2.022286 4
302534.149678 4123854.514660 -2.012568 4
302533.993625 4123854.235294 -2.004753 4
302533.838062 4123853.959300 -2.003890 4
302533.674028 4123853.656386 -2.003566 4
302533.510230 4123853.355808 -2.001386 4
302533.357722 4123853.084962 -2.001078 4
302533.203431 4123852.803713 -2.000397 4
302533.047323 4123852.515902 -1.997349 4
302532.880256 4123852.216484 -1.996857 4
302532.716934 4123851.924359 -1.995520 4
302532.561815 4123851.646507 -1.994208 4
302532.396489 4123851.350028 -1.994132 4
302532.251879 4123851.075934 -1.992968 4
302532.101200 4123850.787179 -1.988030 4
302531.958235 4123850.512415 -1.988563 4
302531.815016 4123850.233120 -1.985096 4
302531.663849 4123849.936337 -1.983190 4
302531.504272 4123849.615445 -1.983332 4
302531.366369 4123849.341647 -1.981033 4
302531.220994 4123849.063038 -1.981069 4
302531.073854 4123848.787977 -1.979573 4
302530.906538 4123848.471258 -1.978772 4
302530.753920 4123848.186812 -1.977227 4
302530.604095 4123847.914383 -1.977592 4
302530.455643 4123847.638252 -1.976247 4
302530.311631 4123847.364481 -1.974664 4
302530.157617 4123847.053835 -1.974829 4
302530.017883 4123846.766054 -1.975197 4
302529.884770 4123846.496153 -1.974561 4
302529.734150 4123846.204264 -1.973095 4
302529.578146 4123845.916941 -1.974918 4
302529.437957 4123845.649038 -1.975551 4
302529.271582 4123845.328164 -1.976850 4
302529.123630 4123845.032931 -1.979098 4
302528.971441 4123844.735799 -1.980684 4
302528.823874 4123844.444091 -1.982238 4
302528.676808 4123844.167539 -1.981222 4
302528.534416 4123843.897008 -1.985965 4
302528.383156 4123843.625072 -1.987043 4
302528.235374 4123843.354465 -1.987480 4
302528.077292 4123843.068590 -1.987386 4
302527.919779 4123842.781024 -1.988124 4
302527.762079 4123842.484501 -1.989901 4
302527.610355 4123842.204378 -1.992794 4
302527.434359 4123841.890401 -1.996380 4
302527.266328 4123841.584296 -1.997388 4
302527.112303 4123841.296930 -1.999190 4
302526.972433 4123841.030832 -2.001348 4
302526.823446 4123840.753733 -2.003623 4
302526.654063 4123840.452358 -2.004928 4
302526.487508 4123840.160488 -2.005940 4
302526.328112 4123839.878973 -2.007128 4
302526.173322 4123839.606392 -2.009325 4
302526.018945 4123839.328605 -2.010367 4
302525.867861 4123839.062101 -2.012720 4
302525.716969 4123838.796617 -2.013823 4
302525.569304 4123838.531453 -2.013964 4
302525.404962 4123838.251070 -2.016657 4
302525.252530 4123837.981274 -2.017057 4
302525.107600 4123837.717972 -2.018304 4
302524.954627 4123837.444997 -2.017323 4
302524.788364 4123837.154985 -2.018244 4
302524.620587 4123836.861343 -2.017340 4
302524.463600 4123836.593930 -2.018638 4
302524.289694 4123836.300482 -2.017692 4
302524.133102 4123836.027549 -2.019071 4
302523.984492 4123835.765016 -2.018700 4
302523.835257 4123835.497459 -2.015366 4
302523.673825 4123835.210641 -2.014621 4
302523.522946 4123834.948790 -2.014466 4
302523.366754 4123834.678206 -2.013857 4
302523.206641 4123834.390770 -2.012459 4
302523.046444 4123834.104567 -2.011400 4
302522.879569 4123833.816832 -2.011286 4
302522.727502 4123833.549038 -2.011619 4
302522.574841 4123833.278343 -2.011069 4
302522.413079 4123832.985483 -2.011246 4
302522.253937 4123832.693395 -2.010787 4
302522.091018 4123832.406007 -2.011319 4
302521.934353 4123832.132967 -2.010578 4
302521.780220 4123831.869925 -2.010852 4
302521.604845 4123831.562292 -2.011017 4
302521.428701 4123831.249928 -2.011104 4
302521.262566 4123830.940789 -2.010353 4
302521.108768 4123830.674768 -2.010198 4
302520.958664 4123830.409825 -2.010215 4
302520.808116 4123830.147882 -2.010708 4
302520.639562 4123829.853447 -2.009647 4
302520.480101 4123829.577095 -2.009481 4
302520.326601 4123829.299450 -2.004390 4
302520.170700 4123829.022145 -2.002063 4
302520.014408 4123828.744347 -2.000985 4
302519.860651 4123828.463944 -2.000101 4
302519.707897 4123828.194210 -1.999820 4
302519.550097 4123827.907821 -1.998093 4
302519.395106 4123827.625485 -1.999631 4
302519.235887 4123827.350237 -2.000388 4
302519.059089 4123827.041697 -2.000303 4
302518.885899 4123826.734113 -2.000908 4
302518.710029 4123826.423711 -2.000050 4
302518.544034 4123826.134694 -1.999579 4
302518.386207 4123825.857654 -2.001445 4
302518.215319 4123825.553876 -2.001086 4
302518.046087 4123825.254285 -2.001084 4
302517.882530 4123824.976598 -2.002557 4
302517.730316 4123824.699566 -2.001996 4
302517.584043 4123824.428755 -2.002350 4
302517.430886 4123824.161094 -2.002711 4
302517.272367 4123823.868658 -2.003631 4
302517.130970 4123823.598557 -2.003118 4
302516.980288 4123823.334529 -2.003767 4
302516.822197 4123823.042561 -2.004725 4
302516.674156 4123822.769349 -2.007180 4
302516.531968 4123822.500980 -2.007215 4
302516.361356 4123822.207414 -2.011773 4
302516.212806 4123821.937626 -2.010680 4
302516.053965 4123821.662753 -2.012188 4
302515.901687 4123821.391127 -2.009744 4
302515.744411 4123821.130770 -2.011203 4
302515.585371 4123820.866668 -2.012104 4
302515.425755 4123820.588345 -2.010831 4
302515.261429 4123820.311493 -2.012808 4
302515.106308 4123820.054523 -2.013364 4
