302515.486840 4123820.685244 -2.012773 0
302515.345603 4123820.396489 -2.011973 0
302515.190081 4123820.106743 -2.013375 0
302515.026676 4123819.826848 -2.014855 0
302514.861325 4123819.550709 -2.016098 0
302514.696664 4123819.292613 -2.016686 0
302514.518055 4123818.997268 -2.015108 0
302514.362104 4123818.732502 -2.010683 0
302514.206541 4123818.472477 -2.009730 0
302514.054956 4123818.206421 -2.009689 0
302513.898658 4123817.922879 -2.009592 0
302513.751805 4123817.660603 -2.009611 0
302513.587977 4123817.369584 -2.008769 0
302513.432774 4123817.088494 -2.009594 0
302513.255318 4123816.782509 -2.009539 0
302513.093821 4123816.512465 -2.009766 0
302512.928749 4123816.231202 -2.009335 0
302512.765950 4123815.954797 -2.009263 0
302512.612423 4123815.675029 -2.005630 0
302512.456552 4123815.400523 -2.004910 0
302512.305838 4123815.124484 -1.999626 0
302512.167004 4123814.858453 -1.994525 0
302512.009861 4123814.547831 -1.989520 0
302511.865903 4123814.274250 -1.987915 0
302511.708522 4123813.967271 -1.988411 0
302511.546775 4123813.657108 -1.987844 0
302511.374118 4123813.348195 -1.986892 0
302511.207250 4123813.040595 -1.986570 0
302511.055515 4123812.773388 -1.985649 0
302510.889492 4123812.462507 -1.984912 0
302510.732855 4123812.183076 -1.984707 0
302510.582443 4123811.903074 -1.984810 0
302510.429853 4123811.625279 -1.984643 0
302510.280706 4123811.344496 -1.983597 0
302510.124055 4123811.054512 -1.983712 0
302509.975339 4123810.778906 -1.984405 0
302509.823587 4123810.493440 -1.985131 0
302509.677735 4123810.214929 -1.984827 0
302509.527279 4123809.926901 -1.985454 0
302509.384027 4123809.638571 -1.984672 0
302509.234251 4123809.364316 -1.986109 0
302509.078439 4123809.076678 -1.986430 0
302508.913738 4123808.801488 -1.987757 0
302508.745790 4123808.527075 -1.990127 0
302508.590958 4123808.265817 -1.993694 0
302508.439738 4123807.991642 -1.993724 0
302508.289790 4123807.721448 -1.995893 0
302508.128440 4123807.441567 -1.997787 0
302507.970197 4123807.156090 -1.998814 0
302507.816196 4123806.880028 -1.999142 0
302507.669975 4123806.613886 -2.001256 0
302507.507984 4123806.321388 -2.001794 0
302507.347692 4123806.037462 -2.002651 0
302507.193934 4123805.771945 -2.004628 0
302507.027854 4123805.490985 -2.003482 0
302506.864264 4123805.204579 -2.003147 0
302506.708867 4123804.932975 -2.004623 0
302506.554159 4123804.661083 -2.004462 0
302506.397521 4123804.398209 -2.007031 0
302506.240280 4123804.120741 -2.008732 0
302506.088944 4123803.851220 -2.008568 0
