302506.226755 4123804.091073 -2.009633 4
302506.085461 4123803.824631 -2.009446 4
302505.931518 4123803.559292 -2.007999 4
302505.782505 4123803.293946 -2.003343 4
302505.632204 4123803.006395 -1.998998 4
302505.477415 4123802.731827 -1.996465 4
302505.325571 4123802.457195 -1.995272 4
302505.169487 4123802.179696 -1.995058 4
302505.016733 4123801.900804 -1.992540 4
302504.859812 4123801.614311 -1.992690 4
302504.703534 4123801.341910 -1.989072 4
302504.547555 4123801.062064 -1.982846 4
302504.400160 4123800.777517 -1.977187 4
302504.264759 4123800.506693 -1.974700 4
302504.111731 4123800.213678 -1.974371 4
302503.975967 4123799.940286 -1.973450 4
302503.835872 4123799.669307 -1.971796 4
302503.687798 4123799.389875 -1.971819 4
302503.541638 4123799.114269 -1.972134 4
302503.403392 4123798.841711 -1.971820 4
302503.262495 4123798.570358 -1.970955 4
302503.115969 4123798.290718 -1.969354 4
302502.975284 4123798.021043 -1.968100 4
302502.832949 4123797.755168 -1.973345 4
302502.681148 4123797.474784 -1.979984 4
302502.529936 4123797.203062 -1.983961 4
302502.356120 4123796.886196 -1.986065 4
302502.209588 4123796.612998 -1.988722 4
302502.062868 4123796.341147 -1.990312 4
302501.907056 4123796.061435 -1.992286 4
302501.756568 4123795.794929 -1.993703 4
302501.588373 4123795.496980 -1.994893 4
302501.434510 4123795.227959 -1.996943 4
302501.279591 4123794.958722 -1.998598 4
302501.126806 4123794.688949 -2.000019 4
302500.975032 4123794.416745 -2.001289 4
302500.820598 4123794.141802 -2.004104 4
302500.666711 4123793.870428 -2.004509 4
302500.512694 4123793.596572 -2.007349 4
302500.348719 4123793.315137 -2.009310 4
302500.187048 4123793.035938 -2.008258 4
302500.035195 4123792.768485 -2.008284 4
302499.882651 4123792.505422 -2.007648 4
302499.729506 4123792.234476 -2.005309 4
302499.579168 4123791.959749 -1.999388 4
302499.424509 4123791.682695 -1.995145 4
302499.256769 4123791.380150 -1.993077 4
302499.110195 4123791.112089 -1.991707 4
302498.957496 4123790.838314 -1.994009 4
302498.807887 4123790.569552 -1.989810 4
302498.654630 4123790.289192 -1.987898 4
302498.505878 4123790.020343 -1.988574 4
302498.354483 4123789.743425 -1.986912 4
302498.205495 4123789.465757 -1.985220 4
302498.056801 4123789.195515 -1.984679 4
302497.898072 4123788.917856 -1.983717 4
302497.744028 4123788.646184 -1.983555 4
302497.590434 4123788.368691 -1.982610 4
302497.437766 4123788.082639 -1.981941 4
302497.295282 4123787.805949 -1.981306 4
302497.155088 4123787.534595 -1.980147 4
302497.000578 4123787.249647 -1.981226 4
302496.853509 4123786.974746 -1.981397 4
302496.683359 4123786.661921 -1.979848 4
302496.535360 4123786.386680 -1.980484 4
302496.382556 4123786.099882 -1.979268 4
302496.228155 4123785.808922 -1.978287 4
302496.080704 4123785.539303 -1.978624 4
302495.911224 4123785.230656 -1.979336 4
302495.756833 4123784.952828 -1.977107 4
302495.606095 4123784.682344 -1.977697 4
302495.453068 4123784.416484 -1.977393 4
302495.313173 4123784.148890 -1.976362 4
302495.145838 4123783.839957 -1.977098 4
302494.987443 4123783.529474 -1.976176 4
302494.840719 4123783.257967 -1.975762 4
302494.694772 4123782.984007 -1.975844 4
302494.548870 4123782.709335 -1.974857 4
302494.389172 4123782.419591 -1.974212 4
302494.240427 4123782.143777 -1.976516 4
302494.081034 4123781.849662 -1.977782 4
302493.932627 4123781.568063 -1.978526 4
302493.782441 4123781.291805 -1.978954 4
302493.629817 4123781.011425 -1.978709 4
302493.484531 4123780.744626 -1.984781 4
302493.339828 4123780.472641 -1.988861 4
302493.183476 4123780.195844 -1.990084 4
302493.022345 4123779.911494 -1.991586 4
302492.850402 4123779.643141 -1.994215 4
