302493.156415 4123780.170918 -1.996361 0
302493.012365 4123779.882649 -1.996402 0
302492.861674 4123779.614577 -1.996022 0
302492.701535 4123779.343023 -1.996113 0
302492.538158 4123779.065941 -1.996258 0
302492.380048 4123778.798499 -1.995798 0
302492.216682 4123778.515063 -1.996012 0
302492.056755 4123778.232888 -1.998057 0
302491.902680 4123777.956495 -1.998439 0
302491.748482 4123777.672688 -1.997611 0
302491.600518 4123777.406587 -1.996400 0
302491.444076 4123777.125340 -1.994726 0
302491.295424 4123776.848870 -1.995082 0
302491.126319 4123776.545299 -1.994517 0
302490.967045 4123776.245125 -1.991148 0
302490.817898 4123775.979986 -1.989059 0
302490.668806 4123775.710513 -1.988860 0
302490.518701 4123775.443210 -1.989262 0
302490.358530 4123775.150940 -1.988618 0
302490.201395 4123774.858301 -1.988805 0
302490.060311 4123774.590006 -1.987768 0
302489.905091 4123774.312627 -1.986962 0
302489.753972 4123774.050786 -1.987060 0
302489.602668 4123773.778521 -1.986770 0
302489.453390 4123773.499601 -1.985892 0
302489.302057 4123773.229974 -1.986228 0
302489.156681 4123772.961728 -1.983234 0
302488.989795 4123772.652565 -1.983424 0
302488.822678 4123772.361458 -1.983037 0
302488.666208 4123772.057821 -1.985114 0
302488.502147 4123771.754185 -1.985765 0
302488.338185 4123771.464651 -1.988065 0
302488.173801 4123771.171286 -1.988442 0
302488.012750 4123770.878269 -1.990405 0
302487.872322 4123770.609704 -1.988941 0
302487.729683 4123770.342680 -1.988974 0
302487.572207 4123770.047969 -1.989476 0
302487.398152 4123769.735670 -1.990086 0
302487.247014 4123769.471106 -1.991319 0
302487.092440 4123769.200874 -1.992463 0
302486.943099 4123768.936520 -1.993053 0
302486.788478 4123768.668390 -1.997164 0
302486.610673 4123768.362624 -1.998439 0
302486.438234 4123768.057214 -2.000709 0
302486.263554 4123767.749698 -2.003891 0
302486.116082 4123767.487187 -2.004608 0
302485.937746 4123767.183753 -2.006332 0
302485.770229 4123766.890724 -2.006790 0
302485.598005 4123766.590048 -2.007957 0
302485.443717 4123766.328852 -2.009105 0
302485.289589 4123766.062055 -2.010588 0
302485.136112 4123765.800345 -2.012378 0
302484.961010 4123765.516561 -2.012867 0
302484.789175 4123765.245810 -2.013006 0
302484.631547 4123764.968154 -2.012504 0
302484.482330 4123764.704087 -2.008861 0
302484.334133 4123764.433081 -2.008438 0
302484.162942 4123764.130055 -2.009154 0
302484.001306 4123763.847596 -2.009617 0
302483.828351 4123763.555967 -2.010009 0
302483.666873 4123763.263110 -2.009114 0
302483.497984 4123762.955737 -2.006653 0
302483.346962 4123762.692325 -2.000778 0
302483.175140 4123762.391413 -2.001093 0
302483.004704 4123762.090235 -1.998103 0
302482.847865 4123761.808443 -1.996487 0
302482.692594 4123761.527808 -1.996775 0
302482.529615 4123761.244728 -1.995663 0
302482.363680 4123760.959342 -1.996801 0
302482.205500 4123760.667570 -1.996020 0
302482.054320 4123760.394706 -1.995835 0
302481.905832 4123760.123333 -1.995021 0
302481.750445 4123759.840360 -1.990223 0
302481.602798 4123759.562433 -1.990504 0
302481.445827 4123759.276421 -1.990139 0
302481.287363 4123758.989396 -1.987846 0
302481.123968 4123758.693593 -1.988167 0
302480.961334 4123758.391837 -1.987149 0
302480.799913 4123758.086191 -1.985580 0
302480.630801 4123757.777768 -1.985865 0
302480.467671 4123757.486568 -1.984663 0
302480.303669 4123757.204451 -1.983495 0
302480.144507 4123756.919884 -1.984018 0
302479.990292 4123756.644224 -1.983051 0
302479.841431 4123756.368719 -1.983176 0
302479.696801 4123756.100496 -1.983157 0
302479.551767 4123755.837616 -1.982160 0
302479.409926 4123755.571409 -1.982449 0
302479.266774 4123755.302667 -1.982787 0
302479.121079 4123755.031412 -1.982804 0
302478.977124 4123754.757037 -1.982308 0
302478.835839 4123754.490129 -1.981579 0
302478.674608 4123754.191823 -1.981336 0
302478.526303 4123753.919801 -1.980409 0
302478.375251 4123753.646022 -1.979611 0
302478.230816 4123753.375004 -1.979422 0
302478.081828 4123753.094841 -1.979272 0
302477.935719 4123752.831596 -1.979614 0
302477.785911 4123752.555418 -1.978620 0
302477.620827 4123752.254755 -1.979765 0
302477.474337 4123751.981569 -1.978770 0
302477.327270 4123751.702967 -1.981123 0
302477.173231 4123751.402913 -1.981790 0
302476.996549 4123751.086328 -1.987729 0
302476.852423 4123750.820773 -1.990687 0
302476.671312 4123750.496556 -1.992131 0
302476.505083 4123750.202874 -1.994452 0
302476.347875 4123749.927545 -1.997173 0
302476.162348 4123749.611328 -2.001407 0
302475.976748 4123749.302227 -2.001688 0
302475.796483 4123748.996423 -2.003945 0
302475.625149 4123748.694145 -2.006960 0
302475.460587 4123748.402977 -2.008418 0
302475.306390 4123748.136664 -2.009232 0
302475.136275 4123747.850877 -2.011559 0
302474.976676 4123747.586771 -2.014272 0
302474.795084 4123747.283847 -2.016428 0
302474.610588 4123746.974958 -2.018053 0
302474.443233 4123746.697103 -2.020434 0
302474.261467 4123746.398081 -2.021539 0
302474.102981 4123746.127392 -2.020944 0
302473.947464 4123745.854793 -2.018087 0
302473.787923 4123745.582362 -2.018596 0
302473.632773 4123745.322508 -2.018822 0
302473.472951 4123745.054425 -2.018560 0
302473.312909 4123744.762365 -2.014145 0
302473.161887 4123744.496418 -2.012408 0
302473.004593 4123744.221735 -2.010545 0
302472.849444 4123743.943518 -2.006452 0
302472.696278 4123743.660372 -2.002265 0
302472.538757 4123743.365139 -1.988258 0
302472.385745 4123743.081772 -1.987431 0
302472.227393 4123742.789013 -1.987243 0
302472.068826 4123742.502117 -1.987531 0
302471.901322 4123742.188913 -1.988419 0
302471.755051 4123741.912076 -1.988136 0
302471.605244 4123741.614162 -1.987467 0
302471.443631 4123741.311311 -1.986450 0
302471.297663 4123741.042767 -1.985321 0
302471.150641 4123740.759273 -1.978201 0
302471.004886 4123740.482321 -1.975102 0
302470.849476 4123740.190228 -1.974917 0
302470.704833 4123739.924188 -1.975073 0
302470.542677 4123739.623606 -1.972748 0
302470.401807 4123739.353502 -1.972054 0
302470.238094 4123739.034806 -1.970441 0
302470.096965 4123738.756055 -1.969211 0
302469.950774 4123738.460124 -1.966470 0
302469.804357 4123738.177816 -1.965480 0
302469.642301 4123737.855621 -1.964975 0
302469.480826 4123737.545119 -1.964566 0
302469.316536 4123737.243250 -1.966691 0
302469.153756 4123736.959202 -1.973246 0
302469.000472 4123736.698174 -1.976759 0
302468.835502 4123736.400286 -1.985474 0
302468.676821 4123736.111719 -1.987621 0
302468.514006 4123735.820757 -1.989317 0
302468.349032 4123735.527749 -1.992131 0
302468.183230 4123735.236363 -1.994055 0
302468.022526 4123734.952126 -1.996260 0
302467.865094 4123734.672463 -1.998082 0
302467.709545 4123734.408259 -1.999044 0
302467.548570 4123734.139063 -2.001709 0
302467.385037 4123733.863789 -2.003773 0
302467.209480 4123733.571906 -2.006987 0
302467.047737 4123733.294418 -2.010022 0
302466.880402 4123733.001610 -2.010656 0
302466.711505 4123732.702029 -2.013354 0
302466.556690 4123732.432794 -2.013854 0
302466.401182 4123732.155130 -2.013253 0
302466.245497 4123731.887295 -2.012794 0
302466.080651 4123731.602975 -2.012463 0
302465.927864 4123731.341983 -2.011935 0
302465.750692 4123731.030283 -2.011063 0
302465.585746 4123730.732909 -2.006934 0
302465.428756 4123730.463998 -2.006745 0
302465.259464 4123730.147855 -2.006747 0
302465.103534 4123729.863211 -2.006469 0
302464.960808 4123729.598431 -2.003218 0
302464.804766 4123729.329375 -1.999133 0
302464.633319 4123729.029679 -1.998212 0
302464.484341 4123728.763398 -1.996575 0
302464.330187 4123728.496898 -1.996908 0
302464.177450 4123728.223596 -1.995681 0
302464.020406 4123727.961127 -1.995668 0
302463.850860 4123727.639873 -1.990301 0
302463.679882 4123727.319170 -1.991050 0
302463.524344 4123727.058995 -1.989539 0
302463.359052 4123726.751354 -1.989158 0
302463.211750 4123726.485492 -1.985587 0
302463.037432 4123726.169875 -1.984430 0
302462.894947 4123725.902521 -1.983317 0
302462.750771 4123725.638628 -1.981203 0
302462.581001 4123725.330440 -1.978927 0
302462.434201 4123725.051274 -1.975896 0
302462.258262 4123724.731782 -1.975935 0
302462.105686 4123724.438067 -1.974256 0
302461.956154 4123724.146711 -1.973564 0
302461.802897 4123723.865871 -1.974623 0
302461.642950 4123723.578393 -1.976942 0
302461.476494 4123723.270602 -1.980528 0
302461.303660 4123722.946894 -1.981415 0
302461.161674 4123722.668282 -1.982347 0
302461.017503 4123722.395120 -1.984701 0
302460.860904 4123722.109546 -1.984607 0
302460.702880 4123721.815696 -1.985303 0
302460.546682 4123721.536159 -1.986213 0
302460.390418 4123721.259711 -1.989704 0
302460.239334 4123720.993017 -1.992308 0
302460.086443 4123720.723854 -1.993326 0
302459.901701 4123720.410387 -1.995612 0
302459.741504 4123720.133248 -1.996787 0
302459.565683 4123719.835228 -1.998434 0
302459.416252 4123719.561265 -1.998383 0
302459.246877 4123719.255522 -1.999181 0
302459.089768 4123718.977249 -1.999822 0
302458.943157 4123718.715467 -2.000506 0
302458.791577 4123718.439902 -2.000470 0
302458.641542 4123718.169402 -2.000653 0
302458.487628 4123717.905470 -2.001069 0
302458.324765 4123717.637478 -2.001381 0
302458.173945 4123717.371880 -2.002040 0
302458.015565 4123717.086243 -2.003450 0
302457.861053 4123716.811529 -2.003831 0
302457.695792 4123716.531813 -2.005592 0
302457.527233 4123716.251095 -2.006574 0
302457.363243 4123715.953109 -2.008125 0
302457.212428 4123715.679072 -2.008310 0
302457.040553 4123715.375530 -2.008402 0
302456.884270 4123715.117313 -2.007755 0
302456.733467 4123714.852470 -2.003386 0
302456.569894 4123714.574728 -1.998593 0
302456.419515 4123714.309671 -1.995404 0
302456.259723 4123714.026763 -1.994981 0
302456.110882 4123713.759285 -1.994465 0
302455.938093 4123713.439781 -1.993878 0
302455.791177 4123713.170081 -1.993688 0
302455.639647 4123712.896762 -1.991485 0
302455.489307 4123712.628716 -1.991052 0
302455.319524 4123712.325804 -1.991356 0
302455.156972 4123712.035155 -1.990270 0
302454.997547 4123711.746081 -1.990002 0
302454.841597 4123711.457358 -1.990356 0
302454.692316 4123711.177803 -1.988383 0
302454.545437 4123710.914658 -1.988075 0
302454.397551 4123710.650389 -1.988023 0
302454.254284 4123710.385423 -1.987845 0
302454.102879 4123710.104992 -1.990051 0
302453.937095 4123709.795691 -1.992911 0
302453.777384 4123709.518506 -1.994113 0
302453.618232 4123709.230002 -1.995531 0
302453.461729 4123708.954459 -1.997495 0
302453.287142 4123708.644028 -1.999303 0
302453.112256 4123708.352108 -2.002065 0
302452.943316 4123708.075624 -2.003050 0
302452.783418 4123707.809233 -2.005810 0
302452.628401 4123707.543407 -2.008194 0
302452.475512 4123707.279554 -2.008364 0
302452.321975 4123707.020558 -2.010328 0
302452.159283 4123706.749897 -2.012836 0
302452.002092 4123706.471838 -2.014573 0
302451.847782 4123706.205297 -2.016170 0
302451.687119 4123705.940170 -2.018878 0
