302494.894140 4123798.009613 2.710004 0
302494.621758 4123798.138428 2.709379 0
302494.337939 4123798.287328 2.709057 0
302494.054204 4123798.448950 2.707185 0
302493.776167 4123798.607759 2.707529 0
302493.476018 4123798.769245 2.706195 0
302493.194177 4123798.921114 2.706150 0
302492.921967 4123799.070315 2.705299 0
302492.646725 4123799.223558 2.705408 0
302492.363562 4123799.390467 2.705077 0
302492.081598 4123799.554283 2.704080 0
302491.805312 4123799.712760 2.703410 0
302491.528566 4123799.861313 2.703240 0
302491.249023 4123800.023718 2.701703 0
302490.936450 4123800.198139 2.700394 0
302490.631943 4123800.365429 2.701301 0
302490.335487 4123800.530450 2.700676 0
302490.045725 4123800.690314 2.703647 0
302489.760007 4123800.849340 2.706993 0
302489.487613 4123801.003590 2.708207 0
302489.221163 4123801.150495 2.708678 0
302488.952245 4123801.298059 2.708192 0
302488.672817 4123801.443401 2.708315 0
302488.383589 4123801.597543 2.708138 0
302488.103546 4123801.740558 2.708468 0
302487.836686 4123801.892301 2.707820 0
302487.550984 4123802.050683 2.707826 0
302487.259714 4123802.205121 2.708825 0
302486.951053 4123802.375299 2.709915 0
302486.686448 4123802.525799 2.709744 0
302486.413227 4123802.676296 2.709926 0
302486.126245 4123802.834418 2.710095 0
302485.861752 4123802.979421 2.710197 0
302485.593998 4123803.125527 2.709746 0
302485.331103 4123803.271845 2.711934 0
302485.071792 4123803.425819 2.705096 0
302484.811543 4123803.576978 2.702247 0
302484.543782 4123803.727102 2.700853 0
302484.279965 4123803.876961 2.699222 0
302484.009000 4123804.027912 2.697259 0
302483.728207 4123804.185500 2.695915 0
302483.454021 4123804.342510 2.694355 0
302483.185521 4123804.493951 2.693949 0
302482.878560 4123804.667480 2.693850 0
302482.613380 4123804.817962 2.692860 0
302482.351746 4123804.965175 2.691347 0
302482.043476 4123805.141805 2.690460 0
302481.746423 4123805.314987 2.692459 0
302481.463902 4123805.476431 2.695389 0
302481.183024 4123805.634152 2.697518 0
302480.906279 4123805.785404 2.698068 0
302480.632696 4123805.941118 2.699435 0
302480.337418 4123806.107463 2.699255 0
302480.040137 4123806.275211 2.699504 0
302479.740108 4123806.439561 2.701230 0
302479.473986 4123806.579290 2.705959 0
302479.166772 4123806.741093 2.712239 0
302478.900696 4123806.882244 2.712541 0
302478.597736 4123807.048352 2.712925 0
302478.332137 4123807.194877 2.714584 0
302478.046173 4123807.343899 2.720302 0
302477.742534 4123807.500526 2.728895 0
302477.436384 4123807.662814 2.730083 0
302477.126806 4123807.828622 2.730004 0
302476.861885 4123807.972454 2.732083 0
302476.551010 4123808.137262 2.732959 0
302476.272880 4123808.275411 2.733464 0
302475.968731 4123808.427506 2.735034 0
302475.680833 4123808.570084 2.736411 0
302475.409381 4123808.724745 2.727665 0
302475.141260 4123808.875585 2.722398 0
302474.879654 4123809.023365 2.719168 0
302474.572584 4123809.194145 2.717344 0
302474.308823 4123809.345061 2.706504 0
302474.027549 4123809.506190 2.700707 0
302473.761750 4123809.662655 2.694824 0
302473.492075 4123809.823238 2.687214 0
302473.193048 4123810.005980 2.675519 0
302472.912724 4123810.191274 2.663964 0
302472.611483 4123810.400842 2.643095 0
302472.339145 4123810.599480 2.618916 0
302472.092836 4123810.777950 2.604863 0
302471.810292 4123810.999078 2.585317 0
302471.560144 4123811.203348 2.570809 0
302471.304630 4123811.407750 2.563698 0
302471.044546 4123811.607034 2.565191 0
302470.792860 4123811.801716 2.565693 0
302470.538583 4123811.996935 2.558910 0
302470.295117 4123812.207904 2.538761 0
302470.050774 4123812.417745 2.520660 0
302469.812525 4123812.634399 2.510405 0
302469.560169 4123812.858398 2.497971 0
302469.324463 4123813.096588 2.474568 0
302469.101558 4123813.319660 2.454345 0
302468.900774 4123813.545092 2.430770 0
302468.674391 4123813.818566 2.398053 0
302468.462346 4123814.101660 2.359909 0
302468.258848 4123814.387401 2.326743 0
302468.065054 4123814.662441 2.308580 0
302467.855346 4123814.926169 2.305848 0
302467.633598 4123815.208790 2.306023 0
302467.439968 4123815.496892 2.279191 0
302467.268084 4123815.764173 2.259939 0
302467.107668 4123816.020559 2.243911 0
302466.930942 4123816.307162 2.227449 0
302466.778867 4123816.613642 2.186402 0
302466.640831 4123816.914097 2.141135 0
302466.511237 4123817.233524 2.099569 0
302466.401689 4123817.533332 2.057452 0
302466.328024 4123817.848611 1.994954 0
302466.260125 4123818.186102 1.939981 0
302466.208084 4123818.519877 1.890595 0
302466.135575 4123818.850004 1.884704 0
302466.058228 4123819.183853 1.881483 0
302465.990343 4123819.501498 1.879960 0
302465.955335 4123819.823508 1.836686 0
302465.927381 4123820.134538 1.801035 0
302465.886112 4123820.479996 1.790887 0
302465.843620 4123820.798553 1.788285 0
302465.824098 4123821.123107 1.752633 0
302465.823414 4123821.443453 1.712611 0
302465.848939 4123821.748977 1.668654 0
302465.881753 4123822.083351 1.625344 0
302465.928040 4123822.397827 1.582544 0
302465.984479 4123822.710602 1.544318 0
302466.039255 4123823.022399 1.528160 0
302466.083473 4123823.328534 1.525164 0
302466.126483 4123823.637709 1.514953 0
302466.182193 4123823.935382 1.487865 0
302466.252619 4123824.237075 1.460688 0
302466.324713 4123824.562316 1.454747 0
302466.387371 4123824.875447 1.451703 0
302466.458257 4123825.215921 1.450313 0
302466.538993 4123825.556888 1.431721 0
302466.627902 4123825.892973 1.412036 0
302466.709216 4123826.202395 1.410213 0
302466.785723 4123826.517456 1.402214 0
302466.883708 4123826.845922 1.379685 0
302466.999970 4123827.154979 1.354476 0
302467.104977 4123827.462882 1.341740 0
302467.210083 4123827.756684 1.336698 0
302467.313548 4123828.070752 1.330492 0
302467.429811 4123828.363985 1.307554 0
302467.553927 4123828.652996 1.290626 0
302467.670517 4123828.949607 1.288763 0
302467.784246 4123829.233555 1.282303 0
302467.907052 4123829.520143 1.265170 0
302468.039887 4123829.810179 1.246288 0
302468.183800 4123830.099604 1.230652 0
302468.326424 4123830.377190 1.210229 0
302468.471004 4123830.663177 1.201048 0
302468.609534 4123830.944636 1.198026 0
302468.752688 4123831.218842 1.184629 0
302468.909392 4123831.494077 1.166239 0
302469.047020 4123831.762195 1.166925 0
302469.196932 4123832.052796 1.164504 0
302469.348819 4123832.340606 1.163494 0
302469.512380 4123832.642388 1.156911 0
302469.670327 4123832.939186 1.154527 0
302469.826548 4123833.229633 1.154224 0
302469.988423 4123833.528526 1.150488 0
302470.150653 4123833.825886 1.149777 0
302470.306302 4123834.116345 1.147418 0
302470.458567 4123834.398080 1.145233 0
302470.612055 4123834.688555 1.144906 0
302470.771017 4123834.979626 1.142490 0
302470.926963 4123835.269439 1.141673 0
302471.096229 4123835.569039 1.139234 0
302471.265638 4123835.874340 1.140402 0
302471.432950 4123836.176842 1.140970 0
302471.596052 4123836.466239 1.139294 0
302471.753432 4123836.752515 1.139373 0
302471.906048 4123837.024612 1.138166 0
302472.067259 4123837.317358 1.137202 0
302472.223181 4123837.599902 1.136679 0
302472.388916 4123837.889698 1.134663 0
302472.546386 4123838.166552 1.133498 0
302472.699479 4123838.430092 1.132982 0
302472.851832 4123838.697001 1.136376 0
302472.996126 4123838.962411 1.137342 0
302473.138805 4123839.234840 1.137934 0
302473.276890 4123839.503767 1.137867 0
302473.433863 4123839.808529 1.138306 0
302473.590538 4123840.100136 1.139492 0
302473.746064 4123840.391786 1.140443 0
302473.906481 4123840.669751 1.139992 0
302474.060205 4123840.931943 1.139090 0
302474.217826 4123841.220355 1.140772 0
302474.366238 4123841.496631 1.139121 0
302474.518030 4123841.770467 1.140592 0
302474.672067 4123842.047176 1.141672 0
302474.821482 4123842.326473 1.140157 0
302474.978443 4123842.608468 1.143479 0
302475.133735 4123842.885859 1.142292 0
302475.281718 4123843.153567 1.143678 0
302475.429766 4123843.425045 1.144013 0
302475.579369 4123843.705491 1.142722 0
302475.730809 4123843.983938 1.142480 0
