302475.439851 4123843.439270 1.139223 3
302475.567586 4123843.718721 1.139464 3
302475.712048 4123843.990443 1.138663 3
302475.867739 4123844.260466 1.139378 3
302476.029098 4123844.538585 1.137922 3
302476.181762 4123844.830184 1.142441 3
302476.350012 4123845.126763 1.144716 3
302476.504333 4123845.395316 1.144019 3
302476.652014 4123845.664279 1.145158 3
302476.796373 4123845.927952 1.146330 3
302476.956258 4123846.238176 1.147582 3
302477.098877 4123846.507464 1.146401 3
302477.245311 4123846.774770 1.148001 3
302477.391148 4123847.046824 1.148567 3
302477.546379 4123847.345045 1.148845 3
302477.691994 4123847.615502 1.147127 3
302477.846363 4123847.878996 1.151433 3
302477.990086 4123848.148117 1.151389 3
302478.126373 4123848.420464 1.154330 3
302478.278374 4123848.697954 1.153810 3
302478.424210 4123848.966400 1.154659 3
302478.582004 4123849.261515 1.154481 3
302478.727555 4123849.540384 1.153779 3
302478.868938 4123849.806076 1.153329 3
302479.012489 4123850.088152 1.153326 3
302479.159918 4123850.375190 1.153638 3
302479.316609 4123850.631973 1.144406 3
302479.501069 4123850.901846 1.107325 3
302479.699734 4123851.164981 1.071659 3
302479.874046 4123851.424528 1.070038 3
302480.056463 4123851.680357 1.055214 3
302480.260131 4123851.936323 1.024847 3
302480.472789 4123852.214396 0.999485 3
302480.696069 4123852.472739 0.971297 3
302480.917189 4123852.708851 0.933727 3
302481.148678 4123852.935351 0.903172 3
302481.378530 4123853.157384 0.880309 3
302481.612838 4123853.370697 0.856151 3
302481.865950 4123853.579970 0.822685 3
302482.105775 4123853.760823 0.793202 3
302482.385888 4123853.964972 0.761471 3
302482.666763 4123854.133355 0.708502 3
302482.959401 4123854.278552 0.643261 3
302483.267000 4123854.397204 0.572791 3
302483.578587 4123854.492955 0.511193 3
302483.893323 4123854.582960 0.469214 3
302484.197501 4123854.674044 0.445536 3
302484.503837 4123854.749575 0.400813 3
302484.816118 4123854.790085 0.337273 3
302485.129227 4123854.828525 0.292463 3
302485.439041 4123854.875945 0.287969 3
302485.741731 4123854.912058 0.253295 3
302486.058846 4123854.920052 0.192055 3
302486.392164 4123854.910791 0.131776 3
302486.691095 4123854.872334 0.075673 3
302487.001945 4123854.817398 0.010282 3
302487.301064 4123854.734042 -0.055475 3
302487.601726 4123854.622281 -0.117191 3
302487.888029 4123854.509029 -0.169182 3
302488.169769 4123854.398073 -0.207475 3
302488.461498 4123854.269465 -0.228617 3
302488.749162 4123854.167880 -0.230515 3
302489.055349 4123854.071138 -0.231918 3
302489.351728 4123853.980614 -0.232371 3
302489.648735 4123853.890882 -0.232666 3
302489.949390 4123853.792589 -0.236654 3
302490.272144 4123853.682308 -0.248322 3
302490.570104 4123853.578806 -0.259694 3
302490.876979 4123853.466775 -0.276622 3
302491.174246 4123853.345591 -0.300669 3
302491.471030 4123853.219519 -0.326351 3
302491.761669 4123853.072194 -0.346421 3
302492.073668 4123852.916599 -0.354395 3
302492.346381 4123852.773557 -0.368304 3
302492.624148 4123852.627439 -0.383295 3
302492.905670 4123852.479317 -0.393206 3
302493.197011 4123852.310391 -0.417863 3
302493.466575 4123852.126246 -0.442280 3
302493.728012 4123851.947005 -0.451016 3
302494.011443 4123851.777911 -0.437759 3
302494.288290 4123851.649329 -0.405109 3
302494.582057 4123851.521221 -0.400450 3
302494.861258 4123851.388664 -0.398968 3
