302494.915645 4123851.375279 -0.398089 0
302495.189891 4123851.249093 -0.398146 0
302495.461349 4123851.107152 -0.398285 0
302495.736006 4123850.963802 -0.398139 0
302496.008396 4123850.811986 -0.402439 0
302496.288780 4123850.650918 -0.408732 0
302496.582053 4123850.491790 -0.412389 0
302496.847432 4123850.338590 -0.423339 0
302497.128386 4123850.181558 -0.432581 0
302497.392258 4123850.037860 -0.437445 0
302497.680379 4123849.874514 -0.442614 0
302497.953248 4123849.711121 -0.444574 0
302498.242690 4123849.538070 -0.447704 0
302498.537679 4123849.367686 -0.448378 0
302498.800912 4123849.216247 -0.451131 0
302499.056204 4123849.054463 -0.452731 0
302499.347567 4123848.876525 -0.454205 0
302499.618339 4123848.717378 -0.453987 0
302499.911756 4123848.543827 -0.456274 0
302500.181591 4123848.383019 -0.456563 0
302500.451871 4123848.228691 -0.455328 0
302500.726440 4123848.069348 -0.454146 0
302501.003784 4123847.909003 -0.450807 0
302501.267376 4123847.759050 -0.446767 0
302501.555892 4123847.596376 -0.442521 0
302501.822571 4123847.449360 -0.440447 0
302502.112865 4123847.285609 -0.440116 0
302502.385669 4123847.126832 -0.436478 0
302502.667254 4123846.967814 -0.432892 0
302502.937651 4123846.823863 -0.431834 0
302503.226527 4123846.673795 -0.431464 0
302503.504239 4123846.516840 -0.431039 0
302503.780970 4123846.358626 -0.429911 0
302504.068381 4123846.196117 -0.428198 0
302504.339259 4123846.043494 -0.426124 0
302504.613239 4123845.896228 -0.424885 0
302504.910671 4123845.743403 -0.424740 0
302505.199721 4123845.590894 -0.425592 0
302505.486010 4123845.423475 -0.424389 0
302505.771247 4123845.276250 -0.422658 0
302506.043829 4123845.122363 -0.421786 0
302506.336358 4123844.957707 -0.420124 0
302506.633545 4123844.799479 -0.420540 0
302506.901816 4123844.652846 -0.418563 0
302507.168883 4123844.505598 -0.418054 0
302507.438195 4123844.350639 -0.417845 0
302507.716532 4123844.202556 -0.416875 0
