302507.276117 4123844.551348 -0.423959 2
302507.550733 4123844.413726 -0.422973 2
302507.815566 4123844.268102 -0.424186 2
302508.081586 4123844.117760 -0.424472 2
302508.356813 4123843.953846 -0.429704 2
302508.614693 4123843.795903 -0.438141 2
302508.879980 4123843.632975 -0.440942 2
302509.164558 4123843.465975 -0.445964 2
302509.435566 4123843.313400 -0.447675 2
302509.737850 4123843.140997 -0.448561 2
302510.004316 4123842.985825 -0.451022 2
302510.274126 4123842.819158 -0.450626 2
302510.532113 4123842.662019 -0.451824 2
302510.822956 4123842.485246 -0.455132 2
302511.087923 4123842.323466 -0.456483 2
302511.377775 4123842.152442 -0.457071 2
302511.662463 4123841.982982 -0.460865 2
302511.922535 4123841.823060 -0.461537 2
302512.211404 4123841.646532 -0.462067 2
302512.493825 4123841.479288 -0.464041 2
302512.771287 4123841.310370 -0.465371 2
302513.032714 4123841.148988 -0.464844 2
302513.321714 4123840.986096 -0.457758 2
302513.581833 4123840.829635 -0.454188 2
302513.853885 4123840.665748 -0.449146 2
302514.146520 4123840.492642 -0.446867 2
302514.437777 4123840.319605 -0.437742 2
302514.718589 4123840.156233 -0.435251 2
302514.991360 4123840.004105 -0.435110 2
302515.259536 4123839.851585 -0.430952 2
302515.569853 4123839.692796 -0.420710 2
302515.848787 4123839.541910 -0.413087 2
302516.149681 4123839.388279 -0.413436 2
302516.458976 4123839.227511 -0.412829 2
302516.759058 4123839.070156 -0.413272 2
302517.049659 4123838.919652 -0.412567 2
302517.342486 4123838.764680 -0.408133 2
302517.623421 4123838.618781 -0.407210 2
302517.936261 4123838.468082 -0.397021 2
302518.236548 4123838.310910 -0.390265 2
302518.540944 4123838.171392 -0.372244 2
302518.846290 4123838.038468 -0.360979 2
302519.151505 4123837.906176 -0.338702 2
302519.460339 4123837.776565 -0.329641 2
302519.774605 4123837.654024 -0.317874 2
302520.069238 4123837.551355 -0.299622 2
302520.366248 4123837.461273 -0.265048 2
302520.697312 4123837.365702 -0.242417 2
302521.034039 4123837.279161 -0.218703 2
302521.340414 4123837.221298 -0.191088 2
302521.635625 4123837.155985 -0.170875 2
302521.961064 4123837.082549 -0.154877 2
302522.287482 4123837.036398 -0.142918 2
302522.613461 4123836.986475 -0.122813 2
302522.938598 4123836.941036 -0.100456 2
302523.246204 4123836.901507 -0.078226 2
302523.547899 4123836.876378 -0.047537 2
302523.875024 4123836.866668 -0.014374 2
302524.185627 4123836.868370 0.017631 2
302524.487479 4123836.875405 0.044234 2
302524.801385 4123836.906216 0.080424 2
302525.131018 4123836.950857 0.126362 2
302525.431675 4123836.990250 0.165660 2
302525.726988 4123837.054151 0.211240 2
302526.046422 4123837.135938 0.254742 2
302526.359580 4123837.228522 0.300523 2
302526.675108 4123837.333245 0.339491 2
302526.971330 4123837.431139 0.359966 2
302527.293152 4123837.548313 0.379534 2
302527.575689 4123837.654197 0.400058 2
302527.882156 4123837.776495 0.438168 2
302528.152506 4123837.926954 0.484202 2
302528.432933 4123838.074269 0.529127 2
302528.696956 4123838.245855 0.576170 2
302528.953389 4123838.417014 0.613471 2
302529.240662 4123838.617015 0.652141 2
302529.506758 4123838.818110 0.681335 2
302529.762307 4123839.017835 0.707648 2
302530.000672 4123839.218035 0.738322 2
302530.230195 4123839.432432 0.774554 2
302530.471618 4123839.676365 0.815048 2
302530.680415 4123839.894017 0.846313 2
302530.897806 4123840.138730 0.872523 2
302531.102241 4123840.382138 0.898870 2
302531.294963 4123840.612094 0.912963 2
302531.489747 4123840.847002 0.927402 2
302531.694125 4123841.110676 0.948050 2
302531.886216 4123841.363191 0.971767 2
302532.086469 4123841.638181 0.994170 2
302532.282256 4123841.904224 1.000447 2
302532.469614 4123842.144055 1.002465 2
302532.666265 4123842.398883 1.003117 2
302532.853929 4123842.651832 1.003467 2
302533.044468 4123842.903589 1.003921 2
302533.239953 4123843.152489 1.009624 2
302533.432302 4123843.410585 1.018882 2
302533.621206 4123843.675411 1.032801 2
302533.797764 4123843.932825 1.043088 2
302533.971432 4123844.180709 1.050352 2
302534.150108 4123844.421917 1.048661 2
302534.341685 4123844.700118 1.051431 2
302534.523711 4123844.958589 1.055101 2
302534.694062 4123845.213342 1.060851 2
302534.877015 4123845.496625 1.073101 2
302535.035640 4123845.756077 1.088312 2
302535.208365 4123846.034382 1.099829 2
302535.375600 4123846.300997 1.111034 2
302535.523218 4123846.572812 1.130926 2
302535.667035 4123846.857903 1.150556 2
302535.806742 4123847.144014 1.167492 2
302535.965791 4123847.453340 1.173355 2
302536.113439 4123847.740136 1.174107 2
302536.255294 4123848.015601 1.174412 2
302536.415161 4123848.322370 1.174457 2
302536.578656 4123848.613215 1.174491 2
302536.728812 4123848.882697 1.176015 2
302536.886012 4123849.179805 1.175360 2
302537.041050 4123849.477003 1.175308 2
302537.185974 4123849.760445 1.175208 2
302537.323355 4123850.031626 1.175322 2
302537.476385 4123850.316437 1.172263 2
