302537.271228 4123849.904326 1.168667 0
302537.397098 4123850.194322 1.168262 0
302537.537100 4123850.462920 1.168376 0
302537.689656 4123850.738474 1.168494 0
302537.854564 4123851.018596 1.167901 0
302538.019713 4123851.301200 1.168017 0
302538.172869 4123851.564299 1.167356 0
302538.321177 4123851.837977 1.166594 0
302538.469289 4123852.111521 1.165817 0
302538.609437 4123852.391969 1.165232 0
302538.752642 4123852.665036 1.165150 0
302538.909382 4123852.968805 1.164377 0
302539.058087 4123853.237355 1.164648 0
302539.230445 4123853.537025 1.163893 0
302539.395999 4123853.833854 1.164414 0
302539.553917 4123854.122840 1.162775 0
302539.697585 4123854.391652 1.162407 0
302539.837709 4123854.659642 1.161636 0
302539.995211 4123854.955399 1.162272 0
302540.156553 4123855.244714 1.161603 0
302540.312365 4123855.520688 1.161060 0
302540.464042 4123855.786070 1.158939 0
302540.622016 4123856.049294 1.149157 0
302540.772636 4123856.313319 1.147394 0
302540.932859 4123856.586553 1.146698 0
302541.085236 4123856.846971 1.141689 0
302541.241341 4123857.111941 1.141083 0
302541.406783 4123857.406037 1.139486 0
302541.572346 4123857.701550 1.145300 0
302541.732139 4123857.993969 1.152633 0
302541.885403 4123858.273671 1.152226 0
302542.049378 4123858.573297 1.153333 0
302542.191573 4123858.837689 1.151920 0
302542.354317 4123859.118999 1.148059 0
302542.503081 4123859.384234 1.147244 0
302542.663416 4123859.651204 1.137452 0
302542.817608 4123859.920152 1.134224 0
302542.969053 4123860.187517 1.132116 0
302543.136406 4123860.468690 1.131469 0
302543.296667 4123860.728821 1.129564 0
302543.471954 4123861.014663 1.128348 0
302543.630018 4123861.274103 1.127596 0
302543.787732 4123861.541574 1.125448 0
302543.939380 4123861.820475 1.123356 0
302544.098879 4123862.090738 1.122653 0
302544.269301 4123862.363747 1.121385 0
302544.432573 4123862.626830 1.118661 0
302544.606737 4123862.878956 1.118046 0
302544.741267 4123863.153960 1.116328 0
