302544.478928 4123862.732643 1.119237 4
302544.620663 4123863.016666 1.117411 4
302544.775410 4123863.287070 1.117944 4
302544.926711 4123863.550196 1.125664 4
302545.087524 4123863.821049 1.127184 4
302545.257072 4123864.111877 1.126569 4
302545.409077 4123864.383557 1.130531 4
302545.563441 4123864.644587 1.130264 4
302545.728447 4123864.935472 1.131591 4
302545.892270 4123865.231441 1.134303 4
302546.059681 4123865.527172 1.133327 4
302546.207595 4123865.788769 1.134586 4
302546.379933 4123866.091710 1.133708 4
302546.549803 4123866.390970 1.136416 4
302546.700149 4123866.664064 1.134739 4
302546.850552 4123866.938957 1.135984 4
302546.995206 4123867.221463 1.139944 4
302547.148402 4123867.511424 1.140170 4
302547.297435 4123867.780459 1.139946 4
302547.457248 4123868.071431 1.141716 4
302547.626112 4123868.379956 1.142711 4
302547.787296 4123868.670885 1.140256 4
302547.954117 4123868.981910 1.142058 4
302548.099463 4123869.247954 1.141245 4
302548.251132 4123869.508930 1.141314 4
302548.420291 4123869.807797 1.142920 4
302548.583647 4123870.092011 1.143023 4
302548.736800 4123870.374763 1.143253 4
302548.890657 4123870.659675 1.142611 4
302549.059021 4123870.966682 1.140132 4
302549.205820 4123871.231135 1.139065 4
302549.355827 4123871.505381 1.139578 4
302549.509615 4123871.786169 1.138643 4
302549.672418 4123872.075067 1.138301 4
302549.839906 4123872.376051 1.137500 4
302550.002927 4123872.666909 1.136171 4
302550.170113 4123872.958448 1.135160 4
302550.340319 4123873.259904 1.134918 4
302550.498454 4123873.546868 1.134136 4
302550.659272 4123873.839178 1.133323 4
302550.803415 4123874.105929 1.132371 4
302550.951044 4123874.373636 1.131044 4
302551.102077 4123874.648234 1.135684 4
302551.253222 4123874.912817 1.135543 4
302551.409940 4123875.192712 1.136740 4
302551.561159 4123875.478722 1.135952 4
302551.708868 4123875.747335 1.133996 4
302551.861245 4123876.017997 1.134176 4
302552.006885 4123876.284857 1.134274 4
302552.175171 4123876.593534 1.135235 4
302552.344298 4123876.904795 1.135025 4
302552.490562 4123877.173807 1.135390 4
302552.653003 4123877.462525 1.134833 4
302552.808146 4123877.741590 1.135317 4
302552.977213 4123878.037997 1.136265 4
302553.140755 4123878.327713 1.135117 4
302553.293975 4123878.599584 1.134382 4
302553.463825 4123878.893966 1.134808 4
302553.612441 4123879.168662 1.133525 4
302553.757153 4123879.433493 1.136025 4
302553.917728 4123879.720348 1.136983 4
302554.087271 4123880.017409 1.135606 4
302554.244190 4123880.314689 1.136052 4
302554.394259 4123880.588531 1.136305 4
302554.561378 4123880.886889 1.138253 4
302554.720856 4123881.174305 1.138551 4
302554.878246 4123881.455710 1.138230 4
302555.036846 4123881.723920 1.132047 4
302555.192836 4123881.980973 1.128840 4
302555.365623 4123882.272408 1.126919 4
302555.538780 4123882.559890 1.124322 4
302555.697796 4123882.827795 1.121471 4
302555.862469 4123883.102318 1.115962 4
302556.027779 4123883.381199 1.112433 4
302556.191634 4123883.656430 1.110938 4
302556.342519 4123883.921180 1.108998 4
302556.502638 4123884.187350 1.109648 4
302556.657588 4123884.449239 1.112198 4
302556.818381 4123884.720915 1.112765 4
302556.968502 4123884.988014 1.118022 4
302557.134752 4123885.279434 1.118569 4
302557.292607 4123885.558503 1.119038 4
302557.459139 4123885.846426 1.119040 4
302557.617231 4123886.125183 1.123626 4
302557.775417 4123886.401045 1.123769 4
302557.938608 4123886.694185 1.124509 4
302558.091330 4123886.965284 1.124498 4
302558.246436 4123887.229106 1.125218 4
302558.399938 4123887.492133 1.125762 4
302558.555230 4123887.759367 1.125909 4
302558.718874 4123888.041144 1.127285 4
302558.869396 4123888.301590 1.127362 4
302559.039674 4123888.594332 1.127666 4
302559.186032 4123888.871687 1.128506 4
302559.332570 4123889.147752 1.127640 4
302559.488546 4123889.431967 1.129133 4
302559.645592 4123889.703436 1.129385 4
302559.802138 4123889.977670 1.129007 4
