302559.546603 4123889.536772 1.125267 0
302559.680915 4123889.819054 1.128805 0
302559.826106 4123890.099573 1.129592 0
302559.990957 4123890.405835 1.129254 0
302560.163070 4123890.691023 1.129120 0
302560.334073 4123890.994282 1.133798 0
302560.493631 4123891.280227 1.136657 0
302560.642370 4123891.564528 1.136953 0
302560.791199 4123891.856341 1.139299 0
302560.957187 4123892.149922 1.139962 0
302561.109165 4123892.432797 1.141082 0
302561.255973 4123892.714175 1.141131 0
302561.410992 4123892.996769 1.141962 0
302561.572187 4123893.287810 1.142964 0
302561.742687 4123893.601261 1.139398 0
302561.889811 4123893.868706 1.133857 0
302562.067737 4123894.182300 1.132088 0
302562.229254 4123894.443492 1.121181 0
302562.395482 4123894.718588 1.118793 0
302562.556634 4123894.980861 1.116982 0
302562.717317 4123895.248390 1.112999 0
302562.898537 4123895.552075 1.113291 0
302563.061812 4123895.821517 1.112614 0
302563.224504 4123896.098007 1.110548 0
302563.402994 4123896.394445 1.109776 0
302563.554115 4123896.655778 1.108641 0
302563.713870 4123896.936657 1.108494 0
302563.875643 4123897.215860 1.107208 0
302564.033890 4123897.497419 1.113458 0
302564.192635 4123897.770424 1.114741 0
302564.344526 4123898.033168 1.115635 0
302564.502038 4123898.301462 1.116277 0
302564.649883 4123898.563386 1.123962 0
302564.812404 4123898.852004 1.126817 0
302564.977752 4123899.149422 1.127362 0
302565.139410 4123899.441754 1.128130 0
302565.281725 4123899.708759 1.127671 0
302565.449022 4123900.025447 1.127831 0
302565.600908 4123900.312652 1.127638 0
302565.761149 4123900.608352 1.128622 0
302565.920958 4123900.898778 1.128331 0
302566.081497 4123901.181292 1.129373 0
302566.238121 4123901.456465 1.129712 0
302566.383659 4123901.723163 1.132352 0
302566.536996 4123902.013473 1.135714 0
302566.688791 4123902.290645 1.136738 0
302566.856684 4123902.603924 1.138278 0
302567.002649 4123902.878665 1.137579 0
302567.163938 4123903.179784 1.138524 0
302567.311173 4123903.453185 1.138755 0
302567.459289 4123903.726790 1.138965 0
302567.608892 4123903.999324 1.139540 0
302567.764770 4123904.275541 1.132976 0
302567.922041 4123904.558066 1.129232 0
302568.083690 4123904.844183 1.127681 0
302568.244495 4123905.130406 1.126354 0
302568.406096 4123905.419415 1.124674 0
302568.581518 4123905.726958 1.122984 0
302568.754769 4123906.033083 1.123282 0
302568.909619 4123906.303631 1.128106 0
302569.062285 4123906.590394 1.140146 0
302569.220081 4123906.891555 1.146036 0
302569.372627 4123907.176917 1.149658 0
302569.528490 4123907.460262 1.150223 0
302569.677440 4123907.732352 1.150570 0
302569.821110 4123908.005612 1.152392 0
302569.970823 4123908.282220 1.153572 0
302570.120048 4123908.563505 1.154593 0
302570.261625 4123908.838431 1.156525 0
302570.401917 4123909.112571 1.158629 0
302570.546949 4123909.393304 1.159841 0
302570.688793 4123909.673019 1.162071 0
302570.826605 4123909.940943 1.164524 0
302570.964560 4123910.222867 1.172293 0
302571.103116 4123910.494266 1.172940 0
302571.235712 4123910.768128 1.173269 0
302571.367133 4123911.039262 1.178166 0
302571.490100 4123911.316581 1.188398 0
302571.621942 4123911.601170 1.189029 0
302571.757132 4123911.887832 1.189016 0
302571.897633 4123912.176581 1.190191 0
302572.033530 4123912.461382 1.189296 0
302572.171472 4123912.740777 1.189342 0
302572.303615 4123913.013143 1.189698 0
302572.455773 4123913.317152 1.186181 0
302572.615201 4123913.626279 1.184625 0
302572.753946 4123913.910864 1.183417 0
302572.913220 4123914.225857 1.180392 0
302573.077855 4123914.556016 1.179724 0
302573.235579 4123914.866870 1.177306 0
302573.395107 4123915.183902 1.176720 0
302573.561484 4123915.504758 1.175434 0
302573.699592 4123915.789744 1.174252 0
302573.844043 4123916.077405 1.172882 0
302574.001414 4123916.382239 1.171743 0
302574.154536 4123916.687829 1.170269 0
302574.314066 4123916.998250 1.170495 0
302574.471233 4123917.298898 1.169435 0
302574.617218 4123917.579100 1.168223 0
302574.782350 4123917.896012 1.166775 0
302574.935608 4123918.195083 1.166262 0
302575.100741 4123918.508334 1.161004 0
302575.260292 4123918.815221 1.156227 0
302575.404661 4123919.088615 1.154636 0
302575.559245 4123919.382571 1.153250 0
302575.735255 4123919.712485 1.151039 0
302575.896299 4123920.037748 1.159891 0
302576.049621 4123920.315979 1.162302 0
302576.190218 4123920.591444 1.162622 0
302576.328587 4123920.863704 1.163385 0
302576.467627 4123921.132029 1.162952 0
302576.625196 4123921.440401 1.163991 0
302576.758020 4123921.713771 1.168696 0
302576.922316 4123922.037436 1.170632 0
302577.085097 4123922.356127 1.172071 0
302577.225788 4123922.632791 1.172758 0
302577.363752 4123922.902905 1.174484 0
302577.526793 4123923.225100 1.176066 0
302577.676069 4123923.524503 1.176675 0
302577.827829 4123923.836158 1.178828 0
302577.974749 4123924.132293 1.181143 0
302578.117302 4123924.427139 1.183549 0
302578.261510 4123924.724870 1.185198 0
302578.399007 4123925.011108 1.186967 0
302578.532231 4123925.298638 1.188671 0
302578.665206 4123925.582437 1.189182 0
302578.805193 4123925.876094 1.190138 0
302578.940630 4123926.182366 1.190672 0
302579.072080 4123926.470333 1.190887 0
302579.219138 4123926.791026 1.191274 0
302579.363141 4123927.099928 1.194665 0
302579.518060 4123927.407670 1.194488 0
302579.663918 4123927.705848 1.195125 0
302579.814659 4123928.007497 1.196214 0
302579.962940 4123928.318198 1.198200 0
302580.110777 4123928.627717 1.199934 0
302580.260890 4123928.941332 1.200949 0
302580.408435 4123929.260135 1.200361 0
302580.546057 4123929.554356 1.201409 0
302580.678206 4123929.844894 1.201997 0
302580.823030 4123930.169527 1.202902 0
302580.969029 4123930.495138 1.203655 0
302581.101821 4123930.780969 1.203780 0
302581.227687 4123931.057896 1.203732 0
302581.356207 4123931.336504 1.204010 0
302581.486521 4123931.615418 1.205311 0
302581.619990 4123931.903967 1.205117 0
302581.778844 4123932.239981 1.206194 0
302581.931627 4123932.579937 1.206589 0
302582.069006 4123932.876611 1.206768 0
302582.196962 4123933.149612 1.207185 0
302582.350364 4123933.482708 1.207795 0
302582.501441 4123933.805241 1.209681 0
302582.647171 4123934.119462 1.213759 0
302582.782753 4123934.428383 1.221583 0
302582.910272 4123934.731137 1.227234 0
302583.039204 4123935.030639 1.228217 0
302583.157783 4123935.319487 1.228217 0
302583.292709 4123935.645092 1.228231 0
302583.423144 4123935.952047 1.227653 0
302583.541362 4123936.228178 1.227734 0
302583.662738 4123936.518520 1.228227 0
302583.797011 4123936.821669 1.226508 0
302583.928533 4123937.125588 1.226127 0
302584.060697 4123937.423127 1.226149 0
302584.189058 4123937.728827 1.227403 0
302584.303032 4123938.008560 1.233110 0
302584.425181 4123938.339644 1.248084 0
302584.546807 4123938.631917 1.248218 0
302584.674601 4123938.944824 1.249003 0
302584.795703 4123939.255600 1.250112 0
302584.907692 4123939.539203 1.249891 0
302585.018016 4123939.822565 1.249646 0
302585.128868 4123940.102255 1.248599 0
302585.267729 4123940.440942 1.247650 0
302585.380314 4123940.719620 1.249069 0
302585.491306 4123941.009988 1.251590 0
302585.610368 4123941.299031 1.252999 0
302585.730585 4123941.591783 1.254312 0
302585.847753 4123941.881392 1.256256 0
302585.962311 4123942.165619 1.257037 0
302586.075317 4123942.444793 1.255970 0
302586.208366 4123942.773972 1.256094 0
302586.340772 4123943.100925 1.256053 0
302586.452526 4123943.380615 1.256305 0
302586.581413 4123943.709664 1.256037 0
302586.691793 4123943.990590 1.256795 0
302586.800892 4123944.275728 1.258332 0
302586.926093 4123944.590076 1.257054 0
302587.048031 4123944.883648 1.259674 0
302587.160673 4123945.164077 1.258313 0
302587.285966 4123945.474634 1.260847 0
302587.406614 4123945.772652 1.260101 0
302587.513126 4123946.054461 1.263989 0
302587.632055 4123946.353617 1.265741 0
302587.752218 4123946.670408 1.265444 0
302587.867282 4123946.965647 1.267793 0
302587.975273 4123947.252399 1.267990 0
302588.084702 4123947.559661 1.269111 0
302588.203216 4123947.861056 1.269912 0
302588.325459 4123948.170470 1.269995 0
302588.446728 4123948.482409 1.271375 0
302588.559292 4123948.762820 1.272491 0
302588.672750 4123949.049440 1.273472 0
302588.796625 4123949.359268 1.274849 0
302588.911468 4123949.653141 1.276481 0
302589.036634 4123949.992935 1.277423 0
302589.157782 4123950.316615 1.278445 0
302589.269168 4123950.612418 1.276987 0
302589.386689 4123950.922106 1.277371 0
302589.491224 4123951.206207 1.282649 0
302589.599886 4123951.492924 1.282180 0
302589.697697 4123951.776834 1.282213 0
302589.800636 4123952.059384 1.281232 0
302589.904059 4123952.349002 1.282198 0
302590.004967 4123952.632492 1.284081 0
302590.129963 4123952.946057 1.284374 0
302590.239340 4123953.238011 1.287176 0
302590.356458 4123953.571643 1.294555 0
302590.469201 4123953.905277 1.306091 0
302590.560782 4123954.200237 1.311017 0
302590.655477 4123954.506031 1.317137 0
302590.763157 4123954.828369 1.322490 0
302590.854271 4123955.144870 1.331714 0
302590.955832 4123955.473324 1.335969 0
302591.048206 4123955.785824 1.337966 0
302591.138293 4123956.100871 1.342273 0
302591.221500 4123956.417678 1.347108 0
302591.310682 4123956.726776 1.348490 0
302591.402177 4123957.049636 1.350852 0
302591.483476 4123957.353302 1.356665 0
302591.571730 4123957.664517 1.359933 0
302591.659681 4123957.977741 1.361461 0
302591.746083 4123958.293288 1.360906 0
302591.838085 4123958.610328 1.361408 0
302591.934491 4123958.943684 1.361352 0
302592.022458 4123959.249951 1.359067 0
302592.128340 4123959.590537 1.353166 0
302592.239229 4123959.935278 1.347542 0
302592.347730 4123960.276067 1.345235 0
302592.452979 4123960.610482 1.344512 0
302592.558150 4123960.951979 1.344230 0
302592.642608 4123961.251225 1.343683 0
302592.733010 4123961.558754 1.342316 0
302592.836239 4123961.895441 1.338611 0
302592.936521 4123962.219012 1.342692 0
302593.040368 4123962.568309 1.343267 0
302593.137411 4123962.896095 1.342063 0
302593.230286 4123963.189564 1.344208 0
302593.322394 4123963.499688 1.345952 0
302593.420818 4123963.823978 1.346053 0
302593.508793 4123964.137212 1.356348 0
302593.579845 4123964.452480 1.372629 0
302593.649151 4123964.779326 1.391226 0
302593.712606 4123965.099326 1.405916 0
302593.784014 4123965.421596 1.405819 0
302593.851117 4123965.727641 1.406771 0
302593.932257 4123966.078171 1.407348 0
302594.016087 4123966.416642 1.407450 0
302594.091271 4123966.728290 1.407282 0
302594.166880 4123967.034060 1.407410 0
302594.244148 4123967.384408 1.409366 0
302594.325061 4123967.740911 1.411013 0
302594.398701 4123968.034215 1.410278 0
302594.467843 4123968.337989 1.409992 0
302594.540119 4123968.651155 1.411927 0
302594.610062 4123968.963377 1.412993 0
302594.689835 4123969.312101 1.418339 0
302594.768953 4123969.646936 1.419263 0
302594.842322 4123969.993390 1.431817 0
302594.898294 4123970.316227 1.449849 0
302594.947062 4123970.633155 1.455838 0
302595.005849 4123970.951184 1.456437 0
302595.052626 4123971.260704 1.467226 0
302595.086006 4123971.578773 1.487295 0
302595.127145 4123971.900897 1.493247 0
302595.168820 4123972.230735 1.495382 0
302595.211663 4123972.549093 1.497173 0
302595.248412 4123972.864981 1.507428 0
302595.293132 4123973.187926 1.508520 0
302595.337800 4123973.511814 1.508142 0
302595.376718 4123973.834460 1.508551 0
302595.418896 4123974.155766 1.503592 0
302595.466873 4123974.487360 1.501983 0
302595.512105 4123974.817454 1.500376 0
302595.560799 4123975.147167 1.497935 0
302595.612856 4123975.472247 1.496799 0
302595.662452 4123975.809299 1.495401 0
302595.708765 4123976.118588 1.494325 0
302595.767557 4123976.478757 1.492800 0
302595.823475 4123976.800496 1.495714 0
302595.872222 4123977.121346 1.497911 0
302595.913105 4123977.431499 1.507034 0
302595.954364 4123977.784964 1.520697 0
302595.981717 4123978.113776 1.527784 0
302596.002477 4123978.431631 1.543838 0
302596.030528 4123978.741846 1.544529 0
302596.049027 4123979.086516 1.562254 0
302596.051049 4123979.404898 1.587808 0
302596.063397 4123979.732364 1.590258 0
302596.074298 4123980.037697 1.591409 0
302596.086476 4123980.364569 1.590232 0
302596.091777 4123980.672634 1.591988 0
302596.104808 4123980.987977 1.592464 0
302596.121599 4123981.321840 1.594434 0
302596.140629 4123981.648971 1.594317 0
302596.155850 4123981.951603 1.593769 0
302596.171100 4123982.272970 1.596190 0
302596.186885 4123982.611843 1.596325 0
302596.202074 4123982.958492 1.596278 0
302596.220244 4123983.312196 1.597089 0
302596.241219 4123983.657219 1.597175 0
302596.259143 4123983.976131 1.598589 0
302596.275361 4123984.288632 1.599018 0
302596.290981 4123984.593211 1.598034 0
302596.305601 4123984.911504 1.598460 0
302596.316382 4123985.238642 1.599511 0
302596.331971 4123985.555948 1.600601 0
302596.342785 4123985.861136 1.599739 0
302596.359768 4123986.207943 1.598971 0
302596.369833 4123986.521654 1.599709 0
302596.384923 4123986.826791 1.599754 0
302596.395041 4123987.139369 1.601590 0
302596.405711 4123987.456242 1.600282 0
302596.399577 4123987.757565 1.599776 0
