302485.168087 4123755.903660 1.103487 10
302485.319017 4123756.184732 1.102106 10
302485.490006 4123756.457443 1.092120 10
302485.662286 4123756.725914 1.074469 10
302485.844587 4123756.967793 1.049097 10
302486.035941 4123757.211436 1.025832 10
302486.234572 4123757.444217 0.990841 10
302486.459041 4123757.675277 0.945784 10
302486.680870 4123757.878158 0.898401 10
302486.927657 4123758.053824 0.825328 10
302487.220987 4123758.190338 0.721389 10
302487.518001 4123758.289850 0.620351 10
302487.813661 4123758.348705 0.526026 10
302488.130405 4123758.380535 0.428049 10
302488.447755 4123758.383179 0.331763 10
302488.755398 4123758.439265 0.313076 10
302489.054218 4123758.484696 0.282401 10
302489.370809 4123758.517977 0.252031 10
302489.676960 4123758.536816 0.220774 10
302489.993813 4123758.576946 0.203475 10
302490.316425 4123758.605068 0.185525 10
302490.617941 4123758.608107 0.160351 10
302490.942099 4123758.610664 0.145893 10
302491.245641 4123758.631133 0.143543 10
302491.547911 4123758.657996 0.141693 10
302491.847927 4123758.686122 0.139371 10
302492.147384 4123758.713906 0.136501 10
