302481.072833 4123748.783232 1.063756 7
302481.245485 4123749.046775 1.040332 7
302481.450339 4123749.290188 1.011588 7
302481.652187 4123749.521473 0.980095 7
302481.872435 4123749.750477 0.947202 7
302482.113565 4123749.975099 0.902185 7
302482.362479 4123750.188577 0.850791 7
302482.605674 4123750.371978 0.798816 7
302482.876246 4123750.518962 0.717729 7
302483.171672 4123750.626760 0.626972 7
302483.473584 4123750.704547 0.532231 7
302483.776966 4123750.745908 0.437152 7
302484.084863 4123750.761688 0.342291 7
302484.395844 4123750.749681 0.254417 7
302484.698417 4123750.764840 0.231032 7
302485.015892 4123750.807113 0.220152 7
302485.331805 4123750.806220 0.179496 7
302485.651182 4123750.809353 0.152527 7
302485.972135 4123750.818237 0.144687 7
302486.274779 4123750.826071 0.142906 7
302486.579799 4123750.848087 0.140966 7
302486.881135 4123750.877967 0.138637 7
302487.190024 4123750.898478 0.135649 7
302487.490849 4123750.915540 0.132470 7
302487.797083 4123750.938141 0.130216 7
