302484.044377 4123753.974387 1.102015 9
302484.198423 4123754.248736 1.095404 9
302484.368623 4123754.499973 1.076180 9
302484.559972 4123754.750105 1.046981 9
302484.776111 4123754.990391 1.002192 9
302484.990355 4123755.210949 0.961530 9
302485.229938 4123755.400850 0.889246 9
302485.495424 4123755.563735 0.804677 9
302485.782198 4123755.684927 0.708247 9
302486.072401 4123755.793439 0.626274 9
302486.366536 4123755.875801 0.544261 9
302486.663596 4123755.918211 0.453356 9
302486.970127 4123755.929705 0.352820 9
302487.272806 4123755.905641 0.251397 9
302487.581685 4123755.869963 0.174815 9
302487.900066 4123755.892621 0.168994 9
302488.200710 4123755.917632 0.167346 9
302488.522217 4123755.946985 0.164832 9
302488.823160 4123755.981412 0.156165 9
302489.137424 4123756.008632 0.147652 9
302489.471912 4123756.020133 0.128174 9
302489.806685 4123756.018550 0.105425 9
302490.108430 4123756.038428 0.110327 9
302490.432726 4123756.054344 0.112166 9
302490.732617 4123756.076244 0.111972 9
