302479.701790 4123746.228251 1.078136 6
302479.854968 4123746.494851 1.078605 6
302480.013946 4123746.765039 1.062290 6
302480.205792 4123747.004579 1.029232 6
302480.424365 4123747.230750 0.977254 6
302480.674251 4123747.422787 0.898024 6
302480.946060 4123747.578979 0.803935 6
302481.229194 4123747.730643 0.733713 6
302481.514637 4123747.868155 0.666151 6
302481.811288 4123747.987220 0.590057 6
302482.106950 4123748.073612 0.511699 6
302482.411062 4123748.134614 0.431960 6
302482.714465 4123748.166073 0.355541 6
302483.018732 4123748.170788 0.279051 6
302483.337938 4123748.189003 0.251264 6
302483.646148 4123748.231510 0.244366 6
302483.954201 4123748.265894 0.229736 6
302484.252425 4123748.298515 0.218482 6
302484.560811 4123748.329352 0.201812 6
302484.893866 4123748.354074 0.184641 6
302485.227676 4123748.372847 0.158986 6
302485.538451 4123748.381290 0.137241 6
302485.842090 4123748.369985 0.120617 6
302486.142153 4123748.409698 0.117443 6
302486.449620 4123748.416172 0.098553 6
